Text without spaces +

Total characters: 439816

Character counts:
о: 48552 (0,1104)
е: 37563 (0,0854)
а: 34165 (0,0777)
н: 30623 (0,0696)
и: 30594 (0,0696)
т: 25657 (0,0583)
с: 23086 (0,0525)
л: 21717 (0,0494)
р: 19821 (0,0451)
в: 18835 (0,0428)
к: 15487 (0,0352)
м: 14980 (0,0341)
п: 12667 (0,0288)
д: 12623 (0,0287)
у: 12139 (0,0276)
я: 9598 (0,0218)
з: 8651 (0,0197)
ы: 8505 (0,0193)
ь: 7935 (0,0180)
г: 7245 (0,0165)
б: 6717 (0,0153)
ч: 6591 (0,0150)
й: 5151 (0,0117)
ж: 4684 (0,0106)
ш: 4173 (0,0095)
х: 3841 (0,0087)
ю: 2408 (0,0055)
ц: 1794 (0,0041)
э: 1464 (0,0033)
щ: 1392 (0,0032)
ф: 981 (0,0022)
ъ: 176 (0,0004)

Top 10 bigrams with cross:
1 - то: 6466
2 - но: 6070
3 - не: 5347
4 - на: 5216
5 - ст: 5186
6 - по: 5106
7 - ов: 4823
8 - ен: 4635
9 - ли: 4354
10 - ро: 4293

Bigram counts with cross:
то: 6466 (0,0147)
но: 6070 (0,0138)
не: 5347 (0,0122)
на: 5216 (0,0119)
ст: 5186 (0,0118)
по: 5106 (0,0116)
ов: 4823 (0,0110)
ен: 4635 (0,0105)
ли: 4354 (0,0099)
ро: 4293 (0,0098)
ал: 4254 (0,0097)
он: 4102 (0,0093)
ко: 4049 (0,0092)
ни: 4031 (0,0092)
ка: 3994 (0,0091)
ос: 3968 (0,0090)
ер: 3828 (0,0087)
ра: 3610 (0,0082)
пр: 3538 (0,0080)
от: 3466 (0,0079)
ом: 3447 (0,0078)
ол: 3350 (0,0076)
ес: 3328 (0,0076)
го: 3316 (0,0075)
ре: 3285 (0,0075)
ло: 3223 (0,0073)
ет: 3138 (0,0071)
во: 3061 (0,0070)
ин: 2960 (0,0067)
ел: 2958 (0,0067)
од: 2947 (0,0067)
ор: 2943 (0,0067)
ан: 2916 (0,0066)
ем: 2792 (0,0063)
ил: 2785 (0,0063)
ва: 2776 (0,0063)
за: 2741 (0,0062)
ас: 2672 (0,0061)
ак: 2642 (0,0060)
та: 2607 (0,0059)
ти: 2569 (0,0058)
ть: 2563 (0,0058)
ве: 2481 (0,0056)
ск: 2446 (0,0056)
ог: 2417 (0,0055)
те: 2415 (0,0055)
ис: 2379 (0,0054)
ри: 2329 (0,0053)
ив: 2290 (0,0052)
же: 2262 (0,0051)
де: 2258 (0,0051)
ле: 2257 (0,0051)
ль: 2254 (0,0051)
ат: 2246 (0,0051)
ой: 2224 (0,0051)
ме: 2205 (0,0050)
ит: 2184 (0,0050)
мо: 2141 (0,0049)
да: 2129 (0,0048)
ав: 2120 (0,0048)
ла: 2119 (0,0048)
аз: 2065 (0,0047)
ам: 2048 (0,0047)
ки: 2020 (0,0046)
об: 2019 (0,0046)
ся: 2016 (0,0046)
че: 2008 (0,0046)
оп: 1988 (0,0045)
ны: 1973 (0,0045)
тр: 1909 (0,0043)
до: 1820 (0,0041)
ма: 1811 (0,0041)
им: 1794 (0,0041)
ед: 1771 (0,0040)
ми: 1757 (0,0040)
нн: 1756 (0,0040)
ик: 1741 (0,0040)
ну: 1698 (0,0039)
еп: 1691 (0,0038)
ев: 1681 (0,0038)
се: 1635 (0,0037)
ар: 1612 (0,0037)
вс: 1583 (0,0036)
со: 1539 (0,0035)
ви: 1530 (0,0035)
ок: 1498 (0,0034)
из: 1451 (0,0033)
сь: 1444 (0,0033)
ег: 1436 (0,0033)
бы: 1418 (0,0032)
мн: 1386 (0,0032)
оч: 1384 (0,0031)
ру: 1369 (0,0031)
вы: 1369 (0,0031)
ад: 1309 (0,0030)
ез: 1298 (0,0030)
сп: 1293 (0,0029)
ля: 1291 (0,0029)
тв: 1268 (0,0029)
ьн: 1239 (0,0028)
ди: 1237 (0,0028)
чт: 1233 (0,0028)
сл: 1224 (0,0028)
ие: 1219 (0,0028)
ое: 1211 (0,0028)
оз: 1205 (0,0027)
бо: 1203 (0,0027)
ап: 1202 (0,0027)
ип: 1179 (0,0027)
ая: 1169 (0,0027)
ож: 1152 (0,0026)
лс: 1139 (0,0026)
ид: 1132 (0,0026)
ят: 1130 (0,0026)
пе: 1113 (0,0025)
зн: 1109 (0,0025)
ул: 1106 (0,0025)
ей: 1094 (0,0025)
му: 1084 (0,0025)
эт: 1076 (0,0024)
ек: 1069 (0,0024)
ча: 1059 (0,0024)
ян: 1047 (0,0024)
ше: 1043 (0,0024)
ьк: 1003 (0,0023)
уд: 1003 (0,0023)
рн: 997 (0,0023)
тн: 989 (0,0022)
ир: 988 (0,0022)
ут: 985 (0,0022)
ши: 957 (0,0022)
их: 957 (0,0022)
ои: 953 (0,0022)
ус: 938 (0,0021)
хо: 922 (0,0021)
си: 916 (0,0021)
бе: 913 (0,0021)
еб: 909 (0,0021)
мы: 908 (0,0021)
кр: 903 (0,0021)
ня: 898 (0,0020)
ыл: 896 (0,0020)
ич: 889 (0,0020)
тс: 881 (0,0020)
чи: 880 (0,0020)
ии: 877 (0,0020)
ку: 866 (0,0020)
яс: 863 (0,0020)
ты: 855 (0,0019)
вн: 853 (0,0019)
ия: 843 (0,0019)
дн: 838 (0,0019)
па: 838 (0,0019)
уж: 832 (0,0019)
ео: 826 (0,0019)
ду: 820 (0,0019)
сн: 814 (0,0019)
аж: 813 (0,0018)
зе: 811 (0,0018)
га: 809 (0,0018)
ио: 808 (0,0018)
оо: 806 (0,0018)
ьс: 799 (0,0018)
ае: 789 (0,0018)
ач: 784 (0,0018)
ым: 769 (0,0017)
ум: 765 (0,0017)
ый: 760 (0,0017)
еч: 757 (0,0017)
св: 755 (0,0017)
яв: 745 (0,0017)
са: 744 (0,0017)
ыв: 743 (0,0017)
рт: 737 (0,0017)
ые: 714 (0,0016)
ых: 712 (0,0016)
лу: 704 (0,0016)
йс: 701 (0,0016)
нт: 700 (0,0016)
ее: 692 (0,0016)
ще: 681 (0,0015)
жи: 673 (0,0015)
аш: 670 (0,0015)
ту: 663 (0,0015)
яп: 662 (0,0015)
иб: 660 (0,0015)
аб: 658 (0,0015)
чн: 644 (0,0015)
сс: 642 (0,0015)
ры: 638 (0,0015)
кт: 638 (0,0015)
гл: 632 (0,0014)
ах: 630 (0,0014)
еш: 622 (0,0014)
аг: 612 (0,0014)
тк: 610 (0,0014)
ун: 600 (0,0014)
уп: 599 (0,0014)
еи: 596 (0,0014)
ий: 593 (0,0013)
иц: 586 (0,0013)
см: 582 (0,0013)
зд: 579 (0,0013)
уч: 576 (0,0013)
уг: 575 (0,0013)
це: 574 (0,0013)
аи: 572 (0,0013)
гд: 571 (0,0013)
мс: 566 (0,0013)
гр: 564 (0,0013)
вш: 558 (0,0013)
ыт: 557 (0,0013)
ыс: 556 (0,0013)
оя: 555 (0,0013)
жа: 550 (0,0013)
зв: 548 (0,0012)
ша: 540 (0,0012)
лю: 535 (0,0012)
ув: 534 (0,0012)
ял: 534 (0,0012)
мп: 527 (0,0012)
аю: 526 (0,0012)
ош: 525 (0,0012)
иг: 525 (0,0012)
дв: 523 (0,0012)
ьв: 517 (0,0012)
зо: 517 (0,0012)
лн: 514 (0,0012)
би: 512 (0,0012)
бу: 510 (0,0012)
др: 509 (0,0012)
ук: 507 (0,0012)
яд: 503 (0,0011)
жн: 496 (0,0011)
вл: 490 (0,0011)
вт: 490 (0,0011)
вп: 484 (0,0011)
ци: 481 (0,0011)
ьп: 479 (0,0011)
йн: 475 (0,0011)
ао: 475 (0,0011)
пл: 474 (0,0011)
бр: 459 (0,0010)
ую: 457 (0,0010)
еж: 455 (0,0010)
ря: 454 (0,0010)
кн: 451 (0,0010)
бл: 451 (0,0010)
нс: 448 (0,0010)
пу: 438 (0,0010)
ье: 436 (0,0010)
яз: 433 (0,0010)
йп: 432 (0,0010)
вр: 431 (0,0010)
кл: 428 (0,0010)
пи: 421 (0,0010)
ям: 417 (0,0009)
ке: 417 (0,0009)
ба: 414 (0,0009)
ох: 411 (0,0009)
уб: 409 (0,0009)
су: 404 (0,0009)
хн: 400 (0,0009)
яо: 397 (0,0009)
еу: 394 (0,0009)
вк: 389 (0,0009)
иш: 388 (0,0009)
дл: 383 (0,0009)
яи: 381 (0,0009)
ын: 374 (0,0009)
ьи: 374 (0,0009)
щи: 373 (0,0008)
ех: 372 (0,0008)
нь: 368 (0,0008)
ги: 365 (0,0008)
як: 365 (0,0008)
ур: 364 (0,0008)
жд: 361 (0,0008)
ай: 360 (0,0008)
лк: 353 (0,0008)
шь: 352 (0,0008)
йт: 337 (0,0008)
ды: 337 (0,0008)
кв: 336 (0,0008)
нд: 335 (0,0008)
кс: 334 (0,0008)
оу: 332 (0,0008)
ьо: 328 (0,0007)
мя: 328 (0,0007)
йк: 326 (0,0007)
уз: 324 (0,0007)
ву: 323 (0,0007)
ып: 323 (0,0007)
ещ: 319 (0,0007)
ют: 310 (0,0007)
шн: 305 (0,0007)
иа: 304 (0,0007)
вд: 302 (0,0007)
ьм: 300 (0,0007)
лв: 299 (0,0007)
чу: 299 (0,0007)
вз: 296 (0,0007)
гу: 296 (0,0007)
лы: 295 (0,0007)
лп: 295 (0,0007)
рв: 294 (0,0007)
лч: 290 (0,0007)
шл: 288 (0,0007)
нк: 287 (0,0007)
тп: 286 (0,0007)
дь: 285 (0,0006)
тя: 281 (0,0006)
иу: 277 (0,0006)
йв: 276 (0,0006)
ца: 275 (0,0006)
мв: 272 (0,0006)
мк: 270 (0,0006)
лл: 268 (0,0006)
рк: 268 (0,0006)
йд: 268 (0,0006)
фо: 265 (0,0006)
йи: 265 (0,0006)
зи: 263 (0,0006)
иж: 258 (0,0006)
ау: 256 (0,0006)
лм: 251 (0,0006)
ха: 250 (0,0006)
хи: 248 (0,0006)
ыш: 244 (0,0006)
уш: 244 (0,0006)
вм: 242 (0,0006)
дс: 242 (0,0006)
лз: 241 (0,0005)
ьз: 240 (0,0005)
ьт: 238 (0,0005)
йм: 237 (0,0005)
чк: 235 (0,0005)
нп: 233 (0,0005)
ьш: 232 (0,0005)
ея: 231 (0,0005)
нц: 230 (0,0005)
хв: 230 (0,0005)
мм: 230 (0,0005)
сч: 229 (0,0005)
ья: 228 (0,0005)
хс: 228 (0,0005)
гн: 227 (0,0005)
рс: 226 (0,0005)
юд: 225 (0,0005)
шк: 224 (0,0005)
хп: 224 (0,0005)
йл: 221 (0,0005)
яр: 221 (0,0005)
еа: 220 (0,0005)
йо: 219 (0,0005)
зу: 219 (0,0005)
зы: 219 (0,0005)
зг: 217 (0,0005)
лт: 217 (0,0005)
ыр: 214 (0,0005)
ющ: 213 (0,0005)
ух: 213 (0,0005)
яч: 211 (0,0005)
ык: 210 (0,0005)
зм: 210 (0,0005)
рм: 209 (0,0005)
сы: 209 (0,0005)
рь: 209 (0,0005)
мл: 207 (0,0005)
уи: 205 (0,0005)
ьд: 204 (0,0005)
ыи: 204 (0,0005)
вг: 202 (0,0005)
дж: 201 (0,0005)
ьч: 201 (0,0005)
ыб: 199 (0,0005)
ща: 199 (0,0005)
зр: 198 (0,0005)
тб: 197 (0,0004)
юб: 195 (0,0004)
ге: 195 (0,0004)
яу: 193 (0,0004)
яе: 188 (0,0004)
йч: 186 (0,0004)
ию: 185 (0,0004)
ью: 185 (0,0004)
сд: 184 (0,0004)
оэ: 182 (0,0004)
вв: 182 (0,0004)
яб: 181 (0,0004)
дк: 181 (0,0004)
пы: 180 (0,0004)
хр: 179 (0,0004)
мб: 179 (0,0004)
уо: 179 (0,0004)
ац: 178 (0,0004)
фи: 178 (0,0004)
мт: 177 (0,0004)
аа: 174 (0,0004)
кп: 173 (0,0004)
пя: 173 (0,0004)
яя: 172 (0,0004)
вя: 172 (0,0004)
ср: 171 (0,0004)
юс: 171 (0,0004)
лж: 166 (0,0004)
дп: 163 (0,0004)
юч: 163 (0,0004)
оф: 163 (0,0004)
тт: 162 (0,0004)
ощ: 162 (0,0004)
зл: 161 (0,0004)
ащ: 161 (0,0004)
юн: 160 (0,0004)
ыд: 158 (0,0004)
лд: 157 (0,0004)
йг: 156 (0,0004)
ыз: 154 (0,0004)
эк: 150 (0,0003)
тл: 149 (0,0003)
бн: 149 (0,0003)
тм: 149 (0,0003)
йз: 148 (0,0003)
ец: 148 (0,0003)
тд: 147 (0,0003)
бя: 146 (0,0003)
рж: 146 (0,0003)
уе: 146 (0,0003)
вь: 144 (0,0003)
ьб: 144 (0,0003)
еэ: 144 (0,0003)
ыч: 143 (0,0003)
оа: 142 (0,0003)
нв: 142 (0,0003)
йр: 141 (0,0003)
ыо: 141 (0,0003)
мч: 140 (0,0003)
шу: 140 (0,0003)
мг: 137 (0,0003)
тч: 133 (0,0003)
юк: 132 (0,0003)
мз: 132 (0,0003)
мд: 131 (0,0003)
яа: 130 (0,0003)
йб: 130 (0,0003)
ьу: 128 (0,0003)
хм: 127 (0,0003)
кз: 126 (0,0003)
аэ: 126 (0,0003)
аф: 126 (0,0003)
яг: 125 (0,0003)
ыг: 124 (0,0003)
ху: 124 (0,0003)
еф: 123 (0,0003)
иэ: 122 (0,0003)
зк: 122 (0,0003)
ьа: 122 (0,0003)
шо: 120 (0,0003)
нз: 120 (0,0003)
вэ: 119 (0,0003)
ущ: 119 (0,0003)
яш: 118 (0,0003)
зь: 118 (0,0003)
уа: 118 (0,0003)
хк: 117 (0,0003)
нч: 117 (0,0003)
лб: 116 (0,0003)
хт: 116 (0,0003)
яж: 115 (0,0003)
дя: 115 (0,0003)
юр: 114 (0,0003)
вб: 114 (0,0003)
бъ: 113 (0,0003)
хл: 113 (0,0003)
иф: 112 (0,0003)
ях: 111 (0,0003)
нб: 111 (0,0003)
чь: 110 (0,0003)
зс: 109 (0,0002)
ищ: 108 (0,0002)
лг: 107 (0,0002)
юп: 107 (0,0002)
мр: 107 (0,0002)
ящ: 106 (0,0002)
уя: 106 (0,0002)
кб: 106 (0,0002)
сб: 106 (0,0002)
нг: 105 (0,0002)
вч: 105 (0,0002)
зя: 104 (0,0002)
ьэ: 102 (0,0002)
дт: 101 (0,0002)
км: 101 (0,0002)
ыу: 101 (0,0002)
ъя: 99 (0,0002)
цы: 98 (0,0002)
кд: 98 (0,0002)
цу: 97 (0,0002)
фр: 96 (0,0002)
фл: 95 (0,0002)
пн: 95 (0,0002)
ьл: 95 (0,0002)
рг: 95 (0,0002)
лр: 94 (0,0002)
фе: 94 (0,0002)
ню: 93 (0,0002)
йа: 93 (0,0002)
оц: 93 (0,0002)
фа: 93 (0,0002)
жу: 92 (0,0002)
йш: 92 (0,0002)
пс: 92 (0,0002)
зп: 91 (0,0002)
рд: 90 (0,0002)
ьг: 90 (0,0002)
кк: 89 (0,0002)
уу: 89 (0,0002)
рх: 87 (0,0002)
йж: 87 (0,0002)
зб: 86 (0,0002)
дц: 85 (0,0002)
хб: 85 (0,0002)
бщ: 85 (0,0002)
ою: 84 (0,0002)
бс: 82 (0,0002)
юм: 82 (0,0002)
сш: 82 (0,0002)
цо: 81 (0,0002)
мэ: 81 (0,0002)
йу: 80 (0,0002)
сз: 80 (0,0002)
юв: 80 (0,0002)
ьр: 78 (0,0002)
цв: 78 (0,0002)
хд: 77 (0,0002)
нм: 77 (0,0002)
бк: 76 (0,0002)
яэ: 76 (0,0002)
кц: 75 (0,0002)
сю: 75 (0,0002)
дм: 75 (0,0002)
хз: 74 (0,0002)
тз: 74 (0,0002)
сг: 74 (0,0002)
ъе: 73 (0,0002)
лэ: 72 (0,0002)
рш: 72 (0,0002)
жк: 72 (0,0002)
щу: 72 (0,0002)
шт: 71 (0,0002)
яю: 70 (0,0002)
юи: 69 (0,0002)
рю: 69 (0,0002)
юо: 67 (0,0002)
сх: 65 (0,0001)
жо: 65 (0,0001)
зз: 64 (0,0001)
уй: 64 (0,0001)
йц: 62 (0,0001)
кч: 62 (0,0001)
рч: 62 (0,0001)
гк: 61 (0,0001)
рп: 60 (0,0001)
ьц: 60 (0,0001)
мж: 59 (0,0001)
сэ: 58 (0,0001)
ыж: 57 (0,0001)
йэ: 56 (0,0001)
пт: 55 (0,0001)
эл: 53 (0,0001)
пп: 53 (0,0001)
йф: 52 (0,0001)
ыа: 52 (0,0001)
йя: 51 (0,0001)
кг: 51 (0,0001)
фу: 50 (0,0001)
дб: 50 (0,0001)
хг: 50 (0,0001)
хе: 50 (0,0001)
рц: 49 (0,0001)
нф: 49 (0,0001)
зт: 49 (0,0001)
нэ: 48 (0,0001)
вх: 48 (0,0001)
тг: 47 (0,0001)
нр: 47 (0,0001)
ыя: 47 (0,0001)
сж: 46 (0,0001)
дч: 46 (0,0001)
тж: 46 (0,0001)
лш: 46 (0,0001)
кж: 46 (0,0001)
дд: 46 (0,0001)
зж: 46 (0,0001)
тэ: 44 (0,0001)
бэ: 43 (0,0001)
жс: 42 (0,0001)
шп: 42 (0,0001)
вц: 42 (0,0001)
дш: 40 (0,0001)
гс: 40 (0,0001)
ьж: 40 (0,0001)
чо: 40 (0,0001)
дх: 39 (0,0001)
дг: 39 (0,0001)
хя: 39 (0,0001)
рб: 38 (0,0001)
фф: 38 (0,0001)
чш: 38 (0,0001)
пь: 37 (0,0001)
хч: 37 (0,0001)
уэ: 37 (0,0001)
хэ: 37 (0,0001)
щн: 37 (0,0001)
эр: 36 (0,0001)
юа: 36 (0,0001)
яй: 36 (0,0001)
кя: 36 (0,0001)
ею: 36 (0,0001)
яц: 35 (0,0001)
юг: 34 (0,0001)
уф: 34 (0,0001)
нщ: 34 (0,0001)
лф: 34 (0,0001)
юз: 34 (0,0001)
кэ: 34 (0,0001)
рр: 34 (0,0001)
гп: 34 (0,0001)
яф: 33 (0,0001)
хш: 33 (0,0001)
тш: 33 (0,0001)
мх: 33 (0,0001)
гв: 33 (0,0001)
рл: 32 (0,0001)
пк: 31 (0,0001)
мш: 31 (0,0001)
йе: 31 (0,0001)
тю: 30 (0,0001)
мф: 30 (0,0001)
ыэ: 30 (0,0001)
нж: 30 (0,0001)
юц: 30 (0,0001)
хж: 29 (0,0001)
эн: 29 (0,0001)
ьх: 29 (0,0001)
кш: 28 (0,0001)
ьф: 28 (0,0001)
мц: 26 (0,0001)
нл: 26 (0,0001)
сф: 26 (0,0001)
рщ: 26 (0,0001)
юж: 25 (0,0001)
бх: 25 (0,0001)
дз: 25 (0,0001)
шр: 25 (0,0001)
тц: 24 (0,0001)
гч: 24 (0,0001)
эв: 24 (0,0001)
хф: 24 (0,0001)
рз: 24 (0,0001)
тф: 23 (0,0001)
юл: 23 (0,0001)
юя: 22 (0,0001)
нш: 22 (0,0001)
сц: 21 (0,0000)
юш: 20 (0,0000)
вж: 20 (0,0000)
эс: 20 (0,0000)
цн: 20 (0,0000)
юу: 19 (0,0000)
юе: 19 (0,0000)
мь: 19 (0,0000)
зч: 19 (0,0000)
гз: 19 (0,0000)
съ: 19 (0,0000)
йх: 18 (0,0000)
бм: 18 (0,0000)
бю: 17 (0,0000)
ьщ: 16 (0,0000)
тх: 16 (0,0000)
юэ: 16 (0,0000)
фт: 16 (0,0000)
лх: 16 (0,0000)
дъ: 16 (0,0000)
фш: 15 (0,0000)
щь: 15 (0,0000)
шв: 15 (0,0000)
пч: 14 (0,0000)
цп: 14 (0,0000)
эф: 14 (0,0000)
юх: 14 (0,0000)
гт: 14 (0,0000)
цс: 14 (0,0000)
хх: 13 (0,0000)
шс: 13 (0,0000)
рф: 13 (0,0000)
бт: 12 (0,0000)
шм: 12 (0,0000)
гб: 12 (0,0000)
зф: 12 (0,0000)
ыц: 12 (0,0000)
кф: 12 (0,0000)
эй: 12 (0,0000)
дэ: 12 (0,0000)
юю: 12 (0,0000)
хц: 12 (0,0000)
нх: 12 (0,0000)
бь: 11 (0,0000)
тщ: 11 (0,0000)
уц: 11 (0,0000)
чл: 11 (0,0000)
бг: 11 (0,0000)
бд: 10 (0,0000)
тъ: 10 (0,0000)
цм: 10 (0,0000)
вф: 10 (0,0000)
цт: 10 (0,0000)
цк: 10 (0,0000)
фм: 10 (0,0000)
жп: 10 (0,0000)
эп: 10 (0,0000)
въ: 9 (0,0000)
ыф: 9 (0,0000)
жв: 9 (0,0000)
зъ: 9 (0,0000)
кх: 9 (0,0000)
вщ: 8 (0,0000)
зц: 8 (0,0000)
гэ: 8 (0,0000)
юф: 8 (0,0000)
юй: 8 (0,0000)
зэ: 7 (0,0000)
бч: 7 (0,0000)
эм: 7 (0,0000)
чп: 7 (0,0000)
гм: 7 (0,0000)
бв: 7 (0,0000)
бж: 7 (0,0000)
ця: 7 (0,0000)
лщ: 7 (0,0000)
дю: 6 (0,0000)
щр: 6 (0,0000)
фн: 6 (0,0000)
цд: 6 (0,0000)
цр: 6 (0,0000)
жл: 6 (0,0000)
шя: 6 (0,0000)
йщ: 6 (0,0000)
фы: 6 (0,0000)
зш: 6 (0,0000)
шд: 6 (0,0000)
шз: 6 (0,0000)
рэ: 6 (0,0000)
чм: 6 (0,0000)
зх: 6 (0,0000)
жр: 5 (0,0000)
мщ: 5 (0,0000)
чс: 5 (0,0000)
чв: 5 (0,0000)
кю: 5 (0,0000)
бш: 5 (0,0000)
жг: 5 (0,0000)
жж: 5 (0,0000)
эб: 5 (0,0000)
жм: 5 (0,0000)
що: 5 (0,0000)
йю: 5 (0,0000)
жб: 5 (0,0000)
жт: 5 (0,0000)
жз: 4 (0,0000)
бц: 4 (0,0000)
ъю: 4 (0,0000)
цл: 4 (0,0000)
бз: 4 (0,0000)
жь: 4 (0,0000)
чз: 4 (0,0000)
эо: 4 (0,0000)
эш: 4 (0,0000)
эи: 4 (0,0000)
жю: 4 (0,0000)
фс: 4 (0,0000)
пв: 3 (0,0000)
фп: 3 (0,0000)
гш: 3 (0,0000)
фв: 3 (0,0000)
гг: 3 (0,0000)
бп: 3 (0,0000)
гж: 3 (0,0000)
эя: 3 (0,0000)
шг: 3 (0,0000)
шч: 3 (0,0000)
эг: 3 (0,0000)
гя: 3 (0,0000)
чч: 2 (0,0000)
пш: 2 (0,0000)
эз: 2 (0,0000)
гх: 2 (0,0000)
цч: 2 (0,0000)
фк: 2 (0,0000)
ыщ: 2 (0,0000)
фь: 2 (0,0000)
хю: 2 (0,0000)
лц: 2 (0,0000)
чг: 2 (0,0000)
вю: 2 (0,0000)
цф: 2 (0,0000)
эу: 2 (0,0000)
эд: 2 (0,0000)
цз: 2 (0,0000)
фч: 2 (0,0000)
гю: 2 (0,0000)
цб: 2 (0,0000)
зю: 2 (0,0000)
дф: 2 (0,0000)
пф: 1 (0,0000)
чэ: 1 (0,0000)
мю: 1 (0,0000)
жч: 1 (0,0000)
щз: 1 (0,0000)
чр: 1 (0,0000)
шф: 1 (0,0000)
пм: 1 (0,0000)
шэ: 1 (0,0000)
бб: 1 (0,0000)
фя: 1 (0,0000)
жх: 1 (0,0000)
фд: 1 (0,0000)
хщ: 1 (0,0000)
гф: 1 (0,0000)
щт: 1 (0,0000)
цэ: 1 (0,0000)
фз: 1 (0,0000)
пю: 1 (0,0000)
жщ: 1 (0,0000)
зщ: 1 (0,0000)
гц: 1 (0,0000)
эх: 1 (0,0000)
щс: 1 (0,0000)
сщ: 1 (0,0000)
пх: 1 (0,0000)
чя: 1 (0,0000)
жя: 1 (0,0000)
бф: 1 (0,0000)
ээ: 1 (0,0000)
эе: 1 (0,0000)
эч: 1 (0,0000)
щк: 1 (0,0000)

Top 10 bigrams without cross:
1 - то: 3138
2 - но: 3066
3 - не: 2633
4 - ст: 2629
5 - на: 2566
6 - по: 2504
7 - ов: 2431
8 - ен: 2304
9 - ро: 2193
10 - ли: 2158

Bigram counts without cross:
то: 3138 (0,0071)
но: 3066 (0,0070)
не: 2633 (0,0060)
ст: 2629 (0,0060)
на: 2566 (0,0058)
по: 2504 (0,0057)
ов: 2431 (0,0055)
ен: 2304 (0,0052)
ро: 2193 (0,0050)
ли: 2158 (0,0049)
ал: 2109 (0,0048)
ко: 2109 (0,0048)
ни: 2071 (0,0047)
он: 2071 (0,0047)
ка: 1999 (0,0045)
ос: 1956 (0,0044)
ер: 1905 (0,0043)
ра: 1832 (0,0042)
от: 1768 (0,0040)
пр: 1759 (0,0040)
ом: 1725 (0,0039)
ес: 1713 (0,0039)
ол: 1672 (0,0038)
го: 1669 (0,0038)
ет: 1601 (0,0036)
ре: 1597 (0,0036)
ло: 1588 (0,0036)
во: 1582 (0,0036)
ин: 1477 (0,0034)
ел: 1473 (0,0033)
од: 1459 (0,0033)
ан: 1456 (0,0033)
ор: 1426 (0,0032)
ва: 1402 (0,0032)
ил: 1375 (0,0031)
за: 1375 (0,0031)
ас: 1355 (0,0031)
ем: 1347 (0,0031)
ак: 1325 (0,0030)
та: 1319 (0,0030)
ти: 1311 (0,0030)
ть: 1255 (0,0029)
те: 1224 (0,0028)
ве: 1220 (0,0028)
ог: 1208 (0,0027)
ри: 1199 (0,0027)
ск: 1183 (0,0027)
ле: 1170 (0,0027)
ль: 1169 (0,0027)
ис: 1166 (0,0027)
ив: 1160 (0,0026)
де: 1134 (0,0026)
же: 1122 (0,0026)
ме: 1122 (0,0026)
ой: 1116 (0,0025)
ат: 1097 (0,0025)
ла: 1087 (0,0025)
ит: 1075 (0,0024)
мо: 1060 (0,0024)
ав: 1052 (0,0024)
аз: 1047 (0,0024)
об: 1041 (0,0024)
да: 1041 (0,0024)
ки: 1035 (0,0024)
ам: 1021 (0,0023)
ся: 999 (0,0023)
че: 998 (0,0023)
ны: 979 (0,0022)
оп: 979 (0,0022)
тр: 951 (0,0022)
до: 945 (0,0021)
им: 938 (0,0021)
нн: 916 (0,0021)
ма: 914 (0,0021)
ед: 880 (0,0020)
еп: 870 (0,0020)
ми: 857 (0,0019)
ик: 855 (0,0019)
ев: 849 (0,0019)
се: 844 (0,0019)
ар: 828 (0,0019)
ну: 822 (0,0019)
вс: 780 (0,0018)
ви: 765 (0,0017)
со: 750 (0,0017)
ег: 729 (0,0017)
ок: 719 (0,0016)
сь: 713 (0,0016)
из: 707 (0,0016)
оч: 704 (0,0016)
бы: 702 (0,0016)
ру: 687 (0,0016)
вы: 686 (0,0016)
мн: 664 (0,0015)
ез: 648 (0,0015)
сп: 645 (0,0015)
чт: 641 (0,0015)
ди: 632 (0,0014)
ад: 631 (0,0014)
ля: 629 (0,0014)
сл: 616 (0,0014)
оз: 614 (0,0014)
ап: 612 (0,0014)
ие: 610 (0,0014)
ож: 609 (0,0014)
ьн: 609 (0,0014)
ое: 609 (0,0014)
тв: 603 (0,0014)
бо: 589 (0,0013)
ул: 588 (0,0013)
ая: 581 (0,0013)
зн: 579 (0,0013)
лс: 576 (0,0013)
ид: 575 (0,0013)
ят: 574 (0,0013)
ей: 559 (0,0013)
пе: 558 (0,0013)
ип: 557 (0,0013)
эт: 554 (0,0013)
ек: 543 (0,0012)
му: 534 (0,0012)
ча: 532 (0,0012)
рн: 515 (0,0012)
ше: 513 (0,0012)
ут: 507 (0,0012)
уд: 498 (0,0011)
ян: 495 (0,0011)
ши: 492 (0,0011)
ьк: 491 (0,0011)
тн: 482 (0,0011)
ус: 479 (0,0011)
ои: 470 (0,0011)
чи: 468 (0,0011)
их: 466 (0,0011)
си: 465 (0,0011)
ир: 465 (0,0011)
тс: 461 (0,0010)
кр: 460 (0,0010)
ня: 458 (0,0010)
ыл: 456 (0,0010)
ку: 447 (0,0010)
еб: 445 (0,0010)
ич: 442 (0,0010)
мы: 441 (0,0010)
хо: 440 (0,0010)
ии: 439 (0,0010)
бе: 435 (0,0010)
яс: 432 (0,0010)
дн: 432 (0,0010)
ты: 427 (0,0010)
па: 427 (0,0010)
вн: 420 (0,0010)
ио: 417 (0,0009)
зе: 417 (0,0009)
аж: 415 (0,0009)
ду: 415 (0,0009)
га: 412 (0,0009)
уж: 412 (0,0009)
ия: 411 (0,0009)
сн: 410 (0,0009)
ео: 407 (0,0009)
ум: 395 (0,0009)
ьс: 394 (0,0009)
ае: 392 (0,0009)
оо: 391 (0,0009)
ый: 376 (0,0009)
ыв: 376 (0,0009)
ым: 373 (0,0008)
ач: 372 (0,0008)
св: 371 (0,0008)
ых: 370 (0,0008)
са: 368 (0,0008)
яв: 368 (0,0008)
ые: 365 (0,0008)
рт: 364 (0,0008)
лу: 363 (0,0008)
еч: 358 (0,0008)
ще: 352 (0,0008)
ее: 348 (0,0008)
яп: 347 (0,0008)
аб: 346 (0,0008)
аш: 346 (0,0008)
иб: 343 (0,0008)
нт: 339 (0,0008)
йс: 338 (0,0008)
ту: 330 (0,0008)
жи: 330 (0,0008)
сс: 325 (0,0007)
ры: 324 (0,0007)
кт: 318 (0,0007)
еш: 317 (0,0007)
тк: 313 (0,0007)
аг: 311 (0,0007)
гл: 308 (0,0007)
см: 307 (0,0007)
иц: 307 (0,0007)
ах: 305 (0,0007)
чн: 304 (0,0007)
уг: 298 (0,0007)
еи: 297 (0,0007)
уч: 295 (0,0007)
уп: 292 (0,0007)
ун: 292 (0,0007)
мс: 291 (0,0007)
ий: 291 (0,0007)
гд: 290 (0,0007)
вш: 290 (0,0007)
аи: 289 (0,0007)
зд: 289 (0,0007)
оя: 283 (0,0006)
жа: 281 (0,0006)
ув: 278 (0,0006)
ыс: 277 (0,0006)
ыт: 275 (0,0006)
ял: 275 (0,0006)
гр: 269 (0,0006)
лю: 267 (0,0006)
би: 267 (0,0006)
ша: 266 (0,0006)
це: 265 (0,0006)
ьв: 258 (0,0006)
мп: 257 (0,0006)
яд: 257 (0,0006)
жн: 257 (0,0006)
иг: 255 (0,0006)
др: 255 (0,0006)
аю: 253 (0,0006)
дв: 252 (0,0006)
ош: 251 (0,0006)
ьп: 250 (0,0006)
зв: 248 (0,0006)
вл: 248 (0,0006)
лн: 243 (0,0006)
вп: 242 (0,0006)
зо: 234 (0,0005)
бу: 233 (0,0005)
кн: 231 (0,0005)
вт: 231 (0,0005)
йн: 229 (0,0005)
ци: 227 (0,0005)
ук: 227 (0,0005)
пу: 226 (0,0005)
пл: 224 (0,0005)
яз: 223 (0,0005)
пи: 223 (0,0005)
ох: 223 (0,0005)
йп: 222 (0,0005)
нс: 222 (0,0005)
ао: 221 (0,0005)
ря: 220 (0,0005)
еж: 218 (0,0005)
ье: 218 (0,0005)
ям: 218 (0,0005)
бр: 217 (0,0005)
уб: 216 (0,0005)
ую: 212 (0,0005)
ба: 210 (0,0005)
бл: 210 (0,0005)
кл: 204 (0,0005)
яо: 203 (0,0005)
ур: 202 (0,0005)
вр: 200 (0,0005)
ех: 198 (0,0005)
еу: 198 (0,0005)
яи: 197 (0,0004)
ке: 197 (0,0004)
хн: 196 (0,0004)
иш: 195 (0,0004)
ын: 195 (0,0004)
дл: 193 (0,0004)
вк: 192 (0,0004)
щи: 192 (0,0004)
су: 190 (0,0004)
нь: 187 (0,0004)
як: 186 (0,0004)
йт: 182 (0,0004)
ай: 181 (0,0004)
ьи: 180 (0,0004)
жд: 179 (0,0004)
ып: 178 (0,0004)
ву: 177 (0,0004)
ги: 170 (0,0004)
ды: 167 (0,0004)
лк: 166 (0,0004)
кв: 165 (0,0004)
уз: 162 (0,0004)
нд: 162 (0,0004)
ьо: 162 (0,0004)
йк: 161 (0,0004)
мя: 160 (0,0004)
ют: 158 (0,0004)
нк: 158 (0,0004)
шь: 158 (0,0004)
кс: 157 (0,0004)
оу: 157 (0,0004)
ьм: 155 (0,0004)
вз: 155 (0,0004)
ещ: 153 (0,0003)
лв: 152 (0,0003)
иа: 150 (0,0003)
лч: 150 (0,0003)
шн: 150 (0,0003)
рв: 149 (0,0003)
тп: 147 (0,0003)
лп: 146 (0,0003)
вд: 146 (0,0003)
лы: 145 (0,0003)
чу: 145 (0,0003)
ца: 144 (0,0003)
шл: 142 (0,0003)
дь: 141 (0,0003)
тя: 140 (0,0003)
мк: 139 (0,0003)
рк: 137 (0,0003)
йи: 137 (0,0003)
зи: 136 (0,0003)
йд: 136 (0,0003)
ау: 136 (0,0003)
мм: 133 (0,0003)
мв: 132 (0,0003)
гу: 131 (0,0003)
иу: 130 (0,0003)
лл: 129 (0,0003)
фо: 129 (0,0003)
гн: 127 (0,0003)
лз: 125 (0,0003)
йв: 125 (0,0003)
ьз: 125 (0,0003)
ьш: 123 (0,0003)
лм: 123 (0,0003)
уш: 123 (0,0003)
ыш: 122 (0,0003)
иж: 122 (0,0003)
сч: 122 (0,0003)
вм: 122 (0,0003)
яр: 122 (0,0003)
юд: 122 (0,0003)
хв: 122 (0,0003)
ьт: 122 (0,0003)
рс: 121 (0,0003)
нп: 120 (0,0003)
йм: 118 (0,0003)
дс: 118 (0,0003)
еа: 117 (0,0003)
ха: 115 (0,0003)
лт: 115 (0,0003)
йл: 112 (0,0003)
рь: 112 (0,0003)
хп: 111 (0,0003)
мл: 111 (0,0003)
нц: 111 (0,0003)
ея: 111 (0,0003)
ющ: 110 (0,0003)
ык: 110 (0,0003)
хс: 110 (0,0003)
шк: 110 (0,0003)
зг: 109 (0,0002)
ух: 107 (0,0002)
яч: 107 (0,0002)
зу: 106 (0,0002)
ыр: 106 (0,0002)
юб: 105 (0,0002)
яе: 105 (0,0002)
хи: 105 (0,0002)
ья: 104 (0,0002)
йч: 103 (0,0002)
уи: 103 (0,0002)
йо: 103 (0,0002)
ща: 103 (0,0002)
рм: 103 (0,0002)
зы: 102 (0,0002)
вв: 102 (0,0002)
чк: 101 (0,0002)
ьч: 101 (0,0002)
сы: 100 (0,0002)
зм: 100 (0,0002)
зр: 99 (0,0002)
тб: 99 (0,0002)
ыб: 98 (0,0002)
ьд: 98 (0,0002)
ге: 97 (0,0002)
ью: 97 (0,0002)
вг: 96 (0,0002)
ыи: 96 (0,0002)
дж: 95 (0,0002)
мб: 94 (0,0002)
ац: 94 (0,0002)
кп: 93 (0,0002)
дк: 93 (0,0002)
хр: 92 (0,0002)
дп: 92 (0,0002)
яу: 90 (0,0002)
яб: 89 (0,0002)
ец: 89 (0,0002)
оэ: 86 (0,0002)
мт: 85 (0,0002)
сд: 85 (0,0002)
юс: 85 (0,0002)
уо: 84 (0,0002)
лж: 83 (0,0002)
ыо: 83 (0,0002)
пя: 83 (0,0002)
оф: 82 (0,0002)
эк: 82 (0,0002)
ср: 82 (0,0002)
бя: 81 (0,0002)
ию: 81 (0,0002)
пы: 81 (0,0002)
юн: 80 (0,0002)
вя: 80 (0,0002)
йг: 79 (0,0002)
тт: 79 (0,0002)
фи: 79 (0,0002)
ыч: 78 (0,0002)
ыз: 77 (0,0002)
ыд: 77 (0,0002)
юч: 77 (0,0002)
бн: 77 (0,0002)
яя: 76 (0,0002)
ьб: 76 (0,0002)
аа: 76 (0,0002)
йз: 75 (0,0002)
мд: 75 (0,0002)
шу: 74 (0,0002)
оа: 74 (0,0002)
йб: 74 (0,0002)
ощ: 73 (0,0002)
тл: 73 (0,0002)
тд: 73 (0,0002)
мч: 71 (0,0002)
тм: 71 (0,0002)
еэ: 71 (0,0002)
ьа: 71 (0,0002)
рж: 70 (0,0002)
мг: 70 (0,0002)
яш: 68 (0,0002)
ях: 68 (0,0002)
яа: 67 (0,0002)
йр: 67 (0,0002)
вь: 67 (0,0002)
ху: 67 (0,0002)
зл: 67 (0,0002)
лд: 67 (0,0002)
ащ: 66 (0,0002)
кз: 65 (0,0001)
яг: 65 (0,0001)
хм: 65 (0,0001)
юк: 64 (0,0001)
нз: 64 (0,0001)
нв: 64 (0,0001)
ущ: 63 (0,0001)
нч: 63 (0,0001)
вэ: 62 (0,0001)
мз: 62 (0,0001)
вб: 62 (0,0001)
еф: 62 (0,0001)
уе: 62 (0,0001)
зк: 60 (0,0001)
лб: 59 (0,0001)
иэ: 59 (0,0001)
зь: 59 (0,0001)
шо: 58 (0,0001)
вч: 58 (0,0001)
юр: 58 (0,0001)
аэ: 58 (0,0001)
зс: 57 (0,0001)
км: 57 (0,0001)
яж: 57 (0,0001)
лг: 56 (0,0001)
хк: 56 (0,0001)
ъя: 56 (0,0001)
аф: 56 (0,0001)
уа: 56 (0,0001)
ьу: 55 (0,0001)
ыу: 55 (0,0001)
тч: 54 (0,0001)
чь: 54 (0,0001)
ыг: 54 (0,0001)
бъ: 54 (0,0001)
хл: 54 (0,0001)
нб: 54 (0,0001)
фе: 53 (0,0001)
фл: 53 (0,0001)
дя: 53 (0,0001)
кб: 53 (0,0001)
хт: 53 (0,0001)
сб: 53 (0,0001)
фр: 51 (0,0001)
зб: 51 (0,0001)
юп: 51 (0,0001)
нг: 50 (0,0001)
ьэ: 50 (0,0001)
зп: 49 (0,0001)
пн: 49 (0,0001)
цо: 48 (0,0001)
рх: 48 (0,0001)
ьл: 48 (0,0001)
фа: 48 (0,0001)
ищ: 47 (0,0001)
ню: 47 (0,0001)
рд: 47 (0,0001)
кд: 47 (0,0001)
уя: 47 (0,0001)
иф: 47 (0,0001)
дт: 46 (0,0001)
пс: 46 (0,0001)
хб: 46 (0,0001)
щу: 46 (0,0001)
лр: 45 (0,0001)
цу: 45 (0,0001)
оц: 45 (0,0001)
мр: 45 (0,0001)
ьг: 45 (0,0001)
зя: 44 (0,0001)
ьр: 44 (0,0001)
цы: 44 (0,0001)
кк: 44 (0,0001)
жу: 44 (0,0001)
ящ: 44 (0,0001)
уу: 44 (0,0001)
дц: 43 (0,0001)
юо: 43 (0,0001)
хз: 43 (0,0001)
йа: 43 (0,0001)
хд: 43 (0,0001)
бщ: 43 (0,0001)
рг: 42 (0,0001)
лэ: 42 (0,0001)
йж: 42 (0,0001)
сш: 42 (0,0001)
мэ: 41 (0,0001)
ою: 40 (0,0001)
юи: 40 (0,0001)
йш: 39 (0,0001)
яэ: 38 (0,0001)
юв: 38 (0,0001)
сг: 38 (0,0001)
цв: 38 (0,0001)
йу: 37 (0,0001)
кц: 37 (0,0001)
йц: 36 (0,0001)
яю: 36 (0,0001)
дм: 36 (0,0001)
юм: 35 (0,0001)
сх: 34 (0,0001)
сз: 34 (0,0001)
сю: 34 (0,0001)
бк: 33 (0,0001)
зз: 33 (0,0001)
ыж: 33 (0,0001)
нм: 33 (0,0001)
шт: 32 (0,0001)
рю: 32 (0,0001)
кг: 32 (0,0001)
бс: 31 (0,0001)
уй: 31 (0,0001)
йф: 31 (0,0001)
ьц: 31 (0,0001)
тз: 31 (0,0001)
тг: 30 (0,0001)
рц: 30 (0,0001)
хг: 30 (0,0001)
рп: 29 (0,0001)
пп: 29 (0,0001)
жк: 29 (0,0001)
сэ: 29 (0,0001)
рш: 29 (0,0001)
йэ: 28 (0,0001)
фу: 28 (0,0001)
нэ: 28 (0,0001)
жо: 28 (0,0001)
гк: 28 (0,0001)
ъе: 28 (0,0001)
мж: 27 (0,0001)
сж: 27 (0,0001)
ыя: 27 (0,0001)
тж: 26 (0,0001)
пт: 26 (0,0001)
эл: 26 (0,0001)
кч: 26 (0,0001)
дд: 26 (0,0001)
дх: 25 (0,0001)
кя: 25 (0,0001)
нр: 24 (0,0001)
вц: 24 (0,0001)
зж: 24 (0,0001)
чо: 24 (0,0001)
рч: 24 (0,0001)
шп: 23 (0,0001)
гс: 23 (0,0001)
дч: 23 (0,0001)
зт: 23 (0,0001)
кж: 23 (0,0001)
йя: 23 (0,0001)
ею: 23 (0,0001)
пь: 22 (0,0001)
дб: 22 (0,0001)
ыа: 22 (0,0001)
нф: 22 (0,0001)
яй: 22 (0,0001)
ьж: 22 (0,0001)
фф: 21 (0,0000)
хч: 21 (0,0000)
тэ: 21 (0,0000)
хш: 20 (0,0000)
дш: 20 (0,0000)
щн: 20 (0,0000)
лш: 20 (0,0000)
яф: 19 (0,0000)
эр: 19 (0,0000)
вх: 19 (0,0000)
уэ: 19 (0,0000)
хя: 19 (0,0000)
хэ: 19 (0,0000)
хе: 18 (0,0000)
тш: 18 (0,0000)
тю: 18 (0,0000)
рб: 18 (0,0000)
нщ: 18 (0,0000)
юз: 18 (0,0000)
гп: 18 (0,0000)
дг: 17 (0,0000)
эн: 17 (0,0000)
уф: 17 (0,0000)
пк: 17 (0,0000)
юа: 17 (0,0000)
мф: 17 (0,0000)
лф: 17 (0,0000)
чш: 17 (0,0000)
мш: 17 (0,0000)
гв: 17 (0,0000)
рл: 16 (0,0000)
дз: 16 (0,0000)
шр: 16 (0,0000)
ьх: 16 (0,0000)
рщ: 16 (0,0000)
юж: 15 (0,0000)
сц: 15 (0,0000)
мц: 15 (0,0000)
жс: 15 (0,0000)
мь: 15 (0,0000)
яц: 15 (0,0000)
рз: 14 (0,0000)
юг: 14 (0,0000)
ыэ: 14 (0,0000)
мх: 14 (0,0000)
юц: 14 (0,0000)
юе: 13 (0,0000)
хж: 13 (0,0000)
ьф: 13 (0,0000)
юл: 13 (0,0000)
сф: 13 (0,0000)
рр: 12 (0,0000)
бэ: 12 (0,0000)
съ: 12 (0,0000)
нш: 12 (0,0000)
тц: 11 (0,0000)
юу: 11 (0,0000)
юя: 11 (0,0000)
кэ: 11 (0,0000)
тх: 11 (0,0000)
тф: 11 (0,0000)
нл: 11 (0,0000)
йе: 11 (0,0000)
бх: 10 (0,0000)
юш: 10 (0,0000)
кш: 10 (0,0000)
нж: 10 (0,0000)
гч: 9 (0,0000)
лх: 9 (0,0000)
фш: 9 (0,0000)
пч: 9 (0,0000)
зч: 9 (0,0000)
щь: 9 (0,0000)
йх: 9 (0,0000)
эв: 9 (0,0000)
хф: 9 (0,0000)
рф: 9 (0,0000)
дъ: 8 (0,0000)
юх: 8 (0,0000)
бю: 8 (0,0000)
ьщ: 8 (0,0000)
вж: 8 (0,0000)
цн: 8 (0,0000)
кф: 8 (0,0000)
юю: 8 (0,0000)
бм: 8 (0,0000)
юэ: 8 (0,0000)
гз: 7 (0,0000)
тъ: 7 (0,0000)
бг: 7 (0,0000)
вф: 7 (0,0000)
эс: 7 (0,0000)
шв: 7 (0,0000)
дэ: 7 (0,0000)
жв: 7 (0,0000)
шс: 7 (0,0000)
фт: 7 (0,0000)
эй: 6 (0,0000)
тщ: 6 (0,0000)
бь: 6 (0,0000)
цп: 6 (0,0000)
гм: 6 (0,0000)
шя: 6 (0,0000)
уц: 6 (0,0000)
хх: 6 (0,0000)
фм: 6 (0,0000)
эп: 6 (0,0000)
фн: 5 (0,0000)
цм: 5 (0,0000)
дю: 5 (0,0000)
хц: 5 (0,0000)
бт: 5 (0,0000)
бч: 5 (0,0000)
эф: 5 (0,0000)
гб: 5 (0,0000)
ыц: 5 (0,0000)
зф: 5 (0,0000)
бж: 5 (0,0000)
зш: 5 (0,0000)
жт: 5 (0,0000)
кх: 5 (0,0000)
эм: 4 (0,0000)
щр: 4 (0,0000)
ця: 4 (0,0000)
шм: 4 (0,0000)
зэ: 4 (0,0000)
цк: 4 (0,0000)
цс: 4 (0,0000)
бв: 4 (0,0000)
зъ: 4 (0,0000)
зх: 4 (0,0000)
ыф: 4 (0,0000)
чл: 4 (0,0000)
въ: 4 (0,0000)
гт: 4 (0,0000)
юй: 4 (0,0000)
вщ: 3 (0,0000)
бц: 3 (0,0000)
мщ: 3 (0,0000)
фв: 3 (0,0000)
цд: 3 (0,0000)
ъю: 3 (0,0000)
чв: 3 (0,0000)
цр: 3 (0,0000)
жм: 3 (0,0000)
гэ: 3 (0,0000)
бз: 3 (0,0000)
кю: 3 (0,0000)
чп: 3 (0,0000)
жж: 3 (0,0000)
жб: 3 (0,0000)
рэ: 3 (0,0000)
йщ: 3 (0,0000)
фы: 3 (0,0000)
лщ: 3 (0,0000)
юф: 3 (0,0000)
нх: 3 (0,0000)
жп: 3 (0,0000)
жр: 2 (0,0000)
чч: 2 (0,0000)
жл: 2 (0,0000)
жз: 2 (0,0000)
цч: 2 (0,0000)
ыщ: 2 (0,0000)
гш: 2 (0,0000)
чс: 2 (0,0000)
жь: 2 (0,0000)
жг: 2 (0,0000)
цт: 2 (0,0000)
йю: 2 (0,0000)
бш: 2 (0,0000)
гг: 2 (0,0000)
бп: 2 (0,0000)
бд: 2 (0,0000)
гж: 2 (0,0000)
эш: 2 (0,0000)
эи: 2 (0,0000)
эд: 2 (0,0000)
шз: 2 (0,0000)
эг: 2 (0,0000)
жю: 2 (0,0000)
чм: 2 (0,0000)
фс: 2 (0,0000)
фч: 1 (0,0000)
гх: 1 (0,0000)
щз: 1 (0,0000)
чр: 1 (0,0000)
чг: 1 (0,0000)
цл: 1 (0,0000)
пм: 1 (0,0000)
шэ: 1 (0,0000)
фя: 1 (0,0000)
пв: 1 (0,0000)
жх: 1 (0,0000)
фп: 1 (0,0000)
шд: 1 (0,0000)
хщ: 1 (0,0000)
гф: 1 (0,0000)
цэ: 1 (0,0000)
чз: 1 (0,0000)
фз: 1 (0,0000)
пю: 1 (0,0000)
гю: 1 (0,0000)
цз: 1 (0,0000)
лц: 1 (0,0000)
зщ: 1 (0,0000)
эх: 1 (0,0000)
щс: 1 (0,0000)
пх: 1 (0,0000)
чя: 1 (0,0000)
жя: 1 (0,0000)
що: 1 (0,0000)
вю: 1 (0,0000)
эу: 1 (0,0000)
ээ: 1 (0,0000)
зц: 1 (0,0000)
эя: 1 (0,0000)
эо: 1 (0,0000)
шг: 1 (0,0000)
шч: 1 (0,0000)
цб: 1 (0,0000)
зю: 1 (0,0000)
дф: 1 (0,0000)
Text with spaces +

Total characters: 523643

Character counts:
о: 97104 (0,1854)
е: 75126 (0,1435)
а: 68330 (0,1305)
н: 61246 (0,1170)
и: 61188 (0,1169)
т: 51314 (0,0980)
с: 46172 (0,0882)
л: 43434 (0,0829)
р: 39642 (0,0757)
в: 37670 (0,0719)
к: 30974 (0,0592)
м: 29960 (0,0572)
п: 25334 (0,0484)
д: 25246 (0,0482)
у: 24278 (0,0464)
я: 19196 (0,0367)
з: 17302 (0,0330)
ы: 17010 (0,0325)
ь: 15870 (0,0303)
г: 14490 (0,0277)
б: 13434 (0,0257)
ч: 13182 (0,0252)
й: 10302 (0,0197)
ж: 9368 (0,0179)
ш: 8346 (0,0159)
х: 7682 (0,0147)
ю: 4816 (0,0092)
ц: 3588 (0,0069)
э: 2928 (0,0056)
щ: 2784 (0,0053)
ф: 1962 (0,0037)
ъ: 352 (0,0007)

Top 10 bigrams with cross:
1 - то: 12776
2 - но: 12035
3 - не: 10680
4 - на: 10397
5 - ст: 10234
6 - по: 10211
7 - ов: 8730
8 - ро: 8559
9 - ли: 8473
10 - ал: 8367

Bigram counts with cross:
то: 12776 (0,0244)
но: 12035 (0,0230)
не: 10680 (0,0204)
на: 10397 (0,0199)
ст: 10234 (0,0195)
по: 10211 (0,0195)
ов: 8730 (0,0167)
ро: 8559 (0,0163)
ли: 8473 (0,0162)
ал: 8367 (0,0160)
ен: 8261 (0,0158)
ко: 7992 (0,0153)
ка: 7947 (0,0152)
ни: 7940 (0,0152)
ер: 7361 (0,0141)
ра: 7202 (0,0138)
он: 7082 (0,0135)
пр: 7076 (0,0135)
ос: 7008 (0,0134)
го: 6603 (0,0126)
ол: 6562 (0,0125)
ре: 6560 (0,0125)
ом: 6383 (0,0122)
от: 6278 (0,0120)
ло: 6060 (0,0116)
во: 5914 (0,0113)
ел: 5754 (0,0110)
ет: 5707 (0,0109)
ес: 5679 (0,0108)
ор: 5596 (0,0107)
од: 5506 (0,0105)
ва: 5475 (0,0105)
за: 5464 (0,0104)
ил: 5404 (0,0103)
та: 5159 (0,0099)
ть: 5126 (0,0098)
ем: 5079 (0,0097)
ти: 4970 (0,0095)
ан: 4960 (0,0095)
ве: 4909 (0,0094)
ак: 4882 (0,0093)
ин: 4879 (0,0093)
те: 4786 (0,0091)
ск: 4723 (0,0090)
ас: 4678 (0,0089)
ог: 4634 (0,0088)
ри: 4610 (0,0088)
же: 4523 (0,0086)
де: 4509 (0,0086)
ль: 4508 (0,0086)
ой: 4448 (0,0085)
ле: 4406 (0,0084)
ме: 4344 (0,0083)
да: 4242 (0,0081)
ла: 4155 (0,0079)
ат: 4119 (0,0079)
мо: 4047 (0,0077)
че: 4016 (0,0077)
ся: 3999 (0,0076)
ны: 3946 (0,0075)
ит: 3898 (0,0074)
ис: 3883 (0,0074)
аз: 3864 (0,0074)
ки: 3853 (0,0074)
тр: 3754 (0,0072)
ам: 3655 (0,0070)
ив: 3610 (0,0069)
об: 3609 (0,0069)
до: 3602 (0,0069)
ав: 3546 (0,0068)
ма: 3541 (0,0068)
нн: 3328 (0,0064)
ну: 3323 (0,0063)
се: 3227 (0,0062)
ми: 3216 (0,0061)
им: 3122 (0,0060)
ед: 3089 (0,0059)
ар: 3060 (0,0058)
ик: 2972 (0,0057)
со: 2966 (0,0057)
ви: 2908 (0,0056)
сь: 2888 (0,0055)
вс: 2864 (0,0055)
оп: 2856 (0,0055)
бы: 2836 (0,0054)
вы: 2738 (0,0052)
ру: 2733 (0,0052)
ег: 2680 (0,0051)
из: 2568 (0,0049)
ок: 2549 (0,0049)
чт: 2464 (0,0047)
оч: 2451 (0,0047)
ди: 2437 (0,0047)
ев: 2434 (0,0046)
мн: 2416 (0,0046)
сл: 2414 (0,0046)
бо: 2400 (0,0046)
сп: 2377 (0,0045)
тв: 2319 (0,0044)
ад: 2300 (0,0044)
ое: 2274 (0,0043)
ие: 2273 (0,0043)
ля: 2265 (0,0043)
пе: 2226 (0,0043)
ей: 2188 (0,0042)
ож: 2183 (0,0042)
ул: 2170 (0,0041)
ая: 2151 (0,0041)
эт: 2150 (0,0041)
зн: 2144 (0,0041)
еп: 2117 (0,0040)
ча: 2116 (0,0040)
ше: 2083 (0,0040)
ез: 2080 (0,0040)
му: 2054 (0,0039)
лс: 1990 (0,0038)
оз: 1977 (0,0038)
ьн: 1961 (0,0037)
рн: 1947 (0,0037)
ят: 1946 (0,0037)
уд: 1906 (0,0036)
ши: 1904 (0,0036)
ид: 1859 (0,0036)
их: 1850 (0,0035)
бе: 1825 (0,0035)
мы: 1816 (0,0035)
ут: 1797 (0,0034)
ыл: 1769 (0,0034)
кр: 1764 (0,0034)
ня: 1757 (0,0034)
чи: 1757 (0,0034)
си: 1755 (0,0034)
ек: 1751 (0,0033)
хо: 1747 (0,0033)
ьк: 1725 (0,0033)
тн: 1711 (0,0033)
ты: 1710 (0,0033)
ир: 1705 (0,0033)
ку: 1689 (0,0032)
ус: 1674 (0,0032)
па: 1674 (0,0032)
ап: 1637 (0,0031)
уж: 1624 (0,0031)
ду: 1623 (0,0031)
зе: 1617 (0,0031)
га: 1613 (0,0031)
дн: 1590 (0,0030)
ич: 1585 (0,0030)
аж: 1576 (0,0030)
тс: 1543 (0,0029)
ый: 1520 (0,0029)
ия: 1496 (0,0029)
рт: 1459 (0,0028)
ым: 1447 (0,0028)
са: 1436 (0,0027)
ае: 1422 (0,0027)
сн: 1416 (0,0027)
ач: 1413 (0,0027)
ых: 1405 (0,0027)
вн: 1403 (0,0027)
св: 1396 (0,0027)
еб: 1382 (0,0026)
ые: 1373 (0,0026)
ще: 1362 (0,0026)
ум: 1360 (0,0026)
ои: 1348 (0,0026)
лу: 1340 (0,0026)
жи: 1340 (0,0026)
ип: 1338 (0,0026)
ян: 1338 (0,0026)
нт: 1311 (0,0025)
аш: 1285 (0,0025)
чн: 1283 (0,0025)
еч: 1279 (0,0024)
ту: 1277 (0,0024)
ры: 1276 (0,0024)
ии: 1267 (0,0024)
гл: 1262 (0,0024)
ыв: 1239 (0,0024)
ах: 1236 (0,0024)
ее: 1214 (0,0023)
яс: 1190 (0,0023)
кт: 1190 (0,0023)
ий: 1186 (0,0023)
еш: 1179 (0,0023)
сс: 1167 (0,0022)
ьс: 1159 (0,0022)
це: 1147 (0,0022)
зд: 1131 (0,0022)
гд: 1120 (0,0021)
гр: 1117 (0,0021)
иц: 1100 (0,0021)
жа: 1095 (0,0021)
аб: 1094 (0,0021)
уг: 1093 (0,0021)
тк: 1081 (0,0021)
ша: 1078 (0,0021)
вш: 1075 (0,0021)
см: 1075 (0,0021)
аг: 1070 (0,0020)
лю: 1067 (0,0020)
йс: 1058 (0,0020)
аю: 1041 (0,0020)
зв: 1030 (0,0020)
уч: 1029 (0,0020)
бу: 1019 (0,0019)
би: 1014 (0,0019)
дв: 1008 (0,0019)
ыт: 1000 (0,0019)
др: 998 (0,0019)
ял: 992 (0,0019)
зо: 992 (0,0019)
ош: 984 (0,0019)
жн: 982 (0,0019)
ио: 975 (0,0019)
иб: 972 (0,0019)
ео: 960 (0,0018)
ци: 950 (0,0018)
пл: 947 (0,0018)
оо: 941 (0,0018)
уп: 917 (0,0018)
бр: 917 (0,0018)
оя: 914 (0,0017)
ую: 913 (0,0017)
ря: 903 (0,0017)
яв: 902 (0,0017)
бл: 902 (0,0017)
ук: 878 (0,0017)
пу: 874 (0,0017)
вл: 866 (0,0017)
ыс: 851 (0,0016)
ун: 848 (0,0016)
пи: 842 (0,0016)
ув: 836 (0,0016)
ба: 825 (0,0016)
кл: 822 (0,0016)
ке: 818 (0,0016)
иг: 806 (0,0015)
еж: 800 (0,0015)
мс: 789 (0,0015)
вт: 783 (0,0015)
ье: 778 (0,0015)
ох: 768 (0,0015)
вр: 764 (0,0015)
су: 758 (0,0014)
дл: 754 (0,0014)
яд: 746 (0,0014)
щи: 745 (0,0014)
нь: 736 (0,0014)
уб: 732 (0,0014)
кн: 727 (0,0014)
жд: 721 (0,0014)
ай: 720 (0,0014)
ги: 717 (0,0014)
шь: 704 (0,0013)
иш: 687 (0,0013)
нс: 686 (0,0013)
мп: 681 (0,0013)
йн: 680 (0,0013)
ур: 678 (0,0013)
ды: 674 (0,0013)
лн: 665 (0,0013)
аи: 664 (0,0013)
яп: 662 (0,0013)
ех: 656 (0,0013)
еи: 650 (0,0012)
ещ: 634 (0,0012)
вп: 630 (0,0012)
яз: 608 (0,0012)
хн: 604 (0,0012)
шн: 599 (0,0011)
ву: 595 (0,0011)
чу: 595 (0,0011)
лы: 590 (0,0011)
мя: 587 (0,0011)
нд: 584 (0,0011)
ям: 578 (0,0011)
гу: 577 (0,0011)
шл: 571 (0,0011)
дь: 570 (0,0011)
уз: 554 (0,0011)
рв: 552 (0,0011)
ют: 547 (0,0010)
ца: 546 (0,0010)
лк: 542 (0,0010)
ьв: 528 (0,0010)
фо: 525 (0,0010)
вк: 523 (0,0010)
тя: 512 (0,0010)
рк: 511 (0,0010)
нк: 507 (0,0010)
зи: 504 (0,0010)
вз: 494 (0,0009)
ао: 494 (0,0009)
кс: 487 (0,0009)
лл: 482 (0,0009)
ьп: 480 (0,0009)
ыш: 474 (0,0009)
уш: 471 (0,0009)
йт: 467 (0,0009)
чк: 466 (0,0009)
кв: 460 (0,0009)
ха: 458 (0,0009)
нц: 455 (0,0009)
вд: 453 (0,0009)
еу: 448 (0,0009)
шк: 444 (0,0008)
иж: 443 (0,0008)
ын: 440 (0,0008)
як: 440 (0,0008)
зы: 438 (0,0008)
ьш: 436 (0,0008)
йп: 435 (0,0008)
дс: 434 (0,0008)
лч: 431 (0,0008)
гн: 428 (0,0008)
сч: 425 (0,0008)
ющ: 421 (0,0008)
зу: 421 (0,0008)
сы: 418 (0,0008)
рь: 418 (0,0008)
иа: 415 (0,0008)
ух: 415 (0,0008)
рс: 413 (0,0008)
ып: 407 (0,0008)
ьи: 404 (0,0008)
юд: 403 (0,0008)
дж: 401 (0,0008)
яо: 397 (0,0008)
ща: 397 (0,0008)
зг: 396 (0,0008)
яи: 392 (0,0007)
рм: 391 (0,0007)
зм: 383 (0,0007)
ге: 382 (0,0007)
йк: 380 (0,0007)
ья: 374 (0,0007)
йд: 374 (0,0007)
ьм: 373 (0,0007)
оу: 373 (0,0007)
ыр: 371 (0,0007)
зр: 371 (0,0007)
ью: 363 (0,0007)
йл: 362 (0,0007)
ию: 361 (0,0007)
пы: 360 (0,0007)
хи: 360 (0,0007)
юб: 356 (0,0007)
мл: 355 (0,0007)
фи: 354 (0,0007)
пя: 346 (0,0007)
ац: 344 (0,0007)
мк: 341 (0,0007)
вм: 334 (0,0006)
ьо: 333 (0,0006)
ык: 327 (0,0006)
ея: 323 (0,0006)
дк: 321 (0,0006)
хв: 319 (0,0006)
ащ: 319 (0,0006)
лж: 318 (0,0006)
тп: 317 (0,0006)
ыб: 316 (0,0006)
ау: 315 (0,0006)
вя: 314 (0,0006)
ощ: 313 (0,0006)
йч: 311 (0,0006)
лп: 307 (0,0006)
зл: 306 (0,0006)
лв: 302 (0,0006)
ьз: 302 (0,0006)
ср: 299 (0,0006)
иу: 298 (0,0006)
эк: 298 (0,0006)
хр: 293 (0,0006)
мм: 292 (0,0006)
рж: 292 (0,0006)
яч: 291 (0,0006)
яр: 291 (0,0006)
бн: 289 (0,0006)
вь: 288 (0,0005)
бя: 287 (0,0005)
еа: 286 (0,0005)
ец: 283 (0,0005)
шу: 278 (0,0005)
сд: 277 (0,0005)
йв: 276 (0,0005)
мв: 276 (0,0005)
дп: 272 (0,0005)
юч: 270 (0,0005)
йм: 269 (0,0005)
ьт: 269 (0,0005)
уе: 266 (0,0005)
йи: 265 (0,0005)
лт: 265 (0,0005)
яе: 265 (0,0005)
лз: 264 (0,0005)
хс: 262 (0,0005)
тл: 258 (0,0005)
лм: 257 (0,0005)
оф: 253 (0,0005)
ыч: 244 (0,0005)
ьч: 240 (0,0005)
ущ: 237 (0,0005)
юс: 237 (0,0005)
зь: 236 (0,0005)
нп: 233 (0,0004)
йо: 230 (0,0004)
шо: 228 (0,0004)
хп: 226 (0,0004)
бъ: 226 (0,0004)
уи: 224 (0,0004)
дя: 222 (0,0004)
чь: 220 (0,0004)
тт: 219 (0,0004)
мб: 218 (0,0004)
ьд: 216 (0,0004)
яя: 216 (0,0004)
оэ: 214 (0,0004)
ыи: 214 (0,0004)
вг: 212 (0,0004)
тб: 212 (0,0004)
ищ: 210 (0,0004)
ящ: 207 (0,0004)
еф: 205 (0,0004)
тч: 203 (0,0004)
ыг: 203 (0,0004)
аф: 202 (0,0004)
ыд: 202 (0,0004)
яш: 201 (0,0004)
вв: 199 (0,0004)
ъя: 198 (0,0004)
цы: 196 (0,0004)
тм: 196 (0,0004)
нч: 196 (0,0004)
зя: 195 (0,0004)
тд: 194 (0,0004)
яу: 193 (0,0004)
ях: 193 (0,0004)
юр: 192 (0,0004)
зк: 192 (0,0004)
цу: 191 (0,0004)
фр: 190 (0,0004)
фл: 190 (0,0004)
пн: 188 (0,0004)
фе: 188 (0,0004)
яб: 187 (0,0004)
ыз: 187 (0,0004)
ху: 186 (0,0004)
ню: 186 (0,0004)
фа: 186 (0,0004)
нг: 185 (0,0004)
дт: 184 (0,0004)
жу: 183 (0,0003)
пс: 183 (0,0003)
юн: 182 (0,0003)
юк: 181 (0,0003)
хл: 181 (0,0003)
рг: 181 (0,0003)
уо: 180 (0,0003)
лд: 180 (0,0003)
мт: 179 (0,0003)
аа: 177 (0,0003)
кз: 176 (0,0003)
рх: 174 (0,0003)
кп: 173 (0,0003)
яж: 173 (0,0003)
ьб: 172 (0,0003)
бщ: 170 (0,0003)
рд: 169 (0,0003)
дц: 168 (0,0003)
мч: 166 (0,0003)
хм: 166 (0,0003)
нз: 164 (0,0003)
ою: 161 (0,0003)
йг: 160 (0,0003)
иф: 160 (0,0003)
бс: 159 (0,0003)
оц: 159 (0,0003)
мг: 159 (0,0003)
йз: 155 (0,0003)
уа: 155 (0,0003)
яг: 154 (0,0003)
сш: 154 (0,0003)
хт: 153 (0,0003)
цо: 153 (0,0003)
уя: 153 (0,0003)
нв: 151 (0,0003)
цв: 151 (0,0003)
бк: 150 (0,0003)
оа: 148 (0,0003)
еэ: 146 (0,0003)
йш: 146 (0,0003)
сю: 146 (0,0003)
ъе: 146 (0,0003)
зб: 145 (0,0003)
кц: 144 (0,0003)
лг: 144 (0,0003)
щу: 144 (0,0003)
йр: 142 (0,0003)
сб: 142 (0,0003)
ыо: 141 (0,0003)
зс: 141 (0,0003)
рш: 141 (0,0003)
мз: 140 (0,0003)
жк: 139 (0,0003)
лб: 138 (0,0003)
рю: 138 (0,0003)
шт: 137 (0,0003)
яю: 137 (0,0003)
вч: 134 (0,0003)
мд: 131 (0,0003)
яа: 130 (0,0002)
йб: 130 (0,0002)
уу: 129 (0,0002)
ьу: 128 (0,0002)
аэ: 128 (0,0002)
уй: 128 (0,0002)
вб: 125 (0,0002)
жо: 125 (0,0002)
иэ: 124 (0,0002)
кд: 124 (0,0002)
сх: 123 (0,0002)
ьа: 122 (0,0002)
вэ: 120 (0,0002)
хк: 119 (0,0002)
рч: 119 (0,0002)
мр: 116 (0,0002)
дм: 115 (0,0002)
нб: 114 (0,0002)
юп: 109 (0,0002)
гк: 109 (0,0002)
пт: 109 (0,0002)
кб: 107 (0,0002)
мэ: 105 (0,0002)
ьц: 105 (0,0002)
ьг: 105 (0,0002)
км: 105 (0,0002)
эл: 104 (0,0002)
ьэ: 103 (0,0002)
ыу: 103 (0,0002)
пп: 102 (0,0002)
сг: 100 (0,0002)
кк: 99 (0,0002)
фу: 99 (0,0002)
рц: 98 (0,0002)
ьл: 95 (0,0002)
юм: 95 (0,0002)
лр: 94 (0,0002)
йа: 94 (0,0002)
зп: 91 (0,0002)
ыж: 91 (0,0002)
нф: 90 (0,0002)
сз: 89 (0,0002)
зж: 89 (0,0002)
йж: 87 (0,0002)
нэ: 87 (0,0002)
рп: 87 (0,0002)
хб: 85 (0,0002)
зз: 84 (0,0002)
дч: 83 (0,0002)
вх: 82 (0,0002)
йу: 80 (0,0002)
юв: 80 (0,0002)
ьр: 80 (0,0002)
хе: 80 (0,0002)
лэ: 79 (0,0002)
йц: 79 (0,0002)
нм: 78 (0,0001)
дб: 78 (0,0001)
чо: 78 (0,0001)
хд: 77 (0,0001)
тз: 77 (0,0001)
жс: 77 (0,0001)
яэ: 76 (0,0001)
хз: 76 (0,0001)
фф: 76 (0,0001)
дш: 76 (0,0001)
дх: 76 (0,0001)
чш: 76 (0,0001)
сэ: 75 (0,0001)
пь: 74 (0,0001)
юи: 72 (0,0001)
эр: 72 (0,0001)
яй: 72 (0,0001)
щн: 72 (0,0001)
шп: 68 (0,0001)
юо: 67 (0,0001)
нщ: 67 (0,0001)
дд: 67 (0,0001)
ею: 66 (0,0001)
нр: 65 (0,0001)
яц: 65 (0,0001)
кч: 63 (0,0001)
дг: 62 (0,0001)
пк: 61 (0,0001)
рл: 61 (0,0001)
зт: 60 (0,0001)
рб: 60 (0,0001)
мж: 59 (0,0001)
йф: 59 (0,0001)
тю: 58 (0,0001)
рр: 58 (0,0001)
ыя: 57 (0,0001)
уф: 57 (0,0001)
йэ: 56 (0,0001)
юц: 56 (0,0001)
йя: 55 (0,0001)
эн: 55 (0,0001)
сж: 54 (0,0001)
ыа: 52 (0,0001)
кг: 52 (0,0001)
хг: 52 (0,0001)
рщ: 52 (0,0001)
вц: 51 (0,0001)
тэ: 51 (0,0001)
лш: 50 (0,0001)
кж: 50 (0,0001)
тг: 49 (0,0001)
тш: 49 (0,0001)
бх: 49 (0,0001)
тж: 46 (0,0001)
гс: 45 (0,0001)
гч: 44 (0,0001)
уэ: 44 (0,0001)
бэ: 43 (0,0001)
юг: 42 (0,0001)
тц: 42 (0,0001)
юз: 42 (0,0001)
ьж: 41 (0,0001)
кш: 41 (0,0001)
сц: 41 (0,0001)
нж: 41 (0,0001)
сф: 41 (0,0001)
хч: 40 (0,0001)
хэ: 40 (0,0001)
юа: 40 (0,0001)
кэ: 40 (0,0001)
мф: 40 (0,0001)
эв: 40 (0,0001)
рз: 40 (0,0001)
хя: 39 (0,0001)
хш: 39 (0,0001)
гв: 39 (0,0001)
нл: 39 (0,0001)
мь: 38 (0,0001)
съ: 38 (0,0001)
юж: 37 (0,0001)
кя: 36 (0,0001)
шр: 36 (0,0001)
лф: 35 (0,0001)
гп: 34 (0,0001)
йе: 34 (0,0001)
бю: 34 (0,0001)
эс: 34 (0,0001)
яф: 33 (0,0001)
мх: 33 (0,0001)
тф: 33 (0,0001)
бм: 32 (0,0001)
нш: 32 (0,0001)
дъ: 32 (0,0001)
мш: 31 (0,0001)
ьх: 31 (0,0001)
ьщ: 31 (0,0001)
ьф: 31 (0,0001)
ыэ: 30 (0,0001)
мц: 30 (0,0001)
фш: 30 (0,0001)
щь: 30 (0,0001)
фт: 30 (0,0001)
хж: 29 (0,0001)
шв: 29 (0,0001)
эф: 28 (0,0001)
дз: 27 (0,0001)
пч: 27 (0,0001)
юл: 26 (0,0000)
юх: 26 (0,0000)
юш: 25 (0,0000)
хф: 24 (0,0000)
юя: 24 (0,0000)
зч: 24 (0,0000)
эй: 24 (0,0000)
юю: 24 (0,0000)
юе: 23 (0,0000)
бь: 22 (0,0000)
гз: 22 (0,0000)
бг: 22 (0,0000)
рф: 22 (0,0000)
вж: 20 (0,0000)
цн: 20 (0,0000)
тъ: 20 (0,0000)
йх: 20 (0,0000)
чл: 20 (0,0000)
юу: 19 (0,0000)
шм: 19 (0,0000)
тх: 19 (0,0000)
тщ: 19 (0,0000)
гт: 19 (0,0000)
уц: 18 (0,0000)
бд: 18 (0,0000)
въ: 18 (0,0000)
зъ: 18 (0,0000)
юэ: 17 (0,0000)
бт: 17 (0,0000)
дэ: 17 (0,0000)
лх: 16 (0,0000)
ыц: 16 (0,0000)
нх: 16 (0,0000)
фм: 16 (0,0000)
эп: 16 (0,0000)
вщ: 15 (0,0000)
цк: 15 (0,0000)
цп: 14 (0,0000)
цс: 14 (0,0000)
гб: 14 (0,0000)
хх: 14 (0,0000)
кф: 14 (0,0000)
зц: 14 (0,0000)
шс: 13 (0,0000)
эм: 13 (0,0000)
бч: 13 (0,0000)
бж: 13 (0,0000)
лщ: 13 (0,0000)
зф: 12 (0,0000)
хц: 12 (0,0000)
дю: 12 (0,0000)
щр: 12 (0,0000)
жл: 12 (0,0000)
фы: 12 (0,0000)
бв: 11 (0,0000)
цм: 10 (0,0000)
вф: 10 (0,0000)
цт: 10 (0,0000)
жп: 10 (0,0000)
жв: 10 (0,0000)
жр: 10 (0,0000)
бш: 10 (0,0000)
жг: 10 (0,0000)
що: 10 (0,0000)
ыф: 9 (0,0000)
кх: 9 (0,0000)
гм: 9 (0,0000)
чм: 9 (0,0000)
жж: 9 (0,0000)
гэ: 8 (0,0000)
юф: 8 (0,0000)
юй: 8 (0,0000)
бц: 8 (0,0000)
ъю: 8 (0,0000)
фн: 8 (0,0000)
жь: 8 (0,0000)
кю: 8 (0,0000)
эш: 8 (0,0000)
йщ: 8 (0,0000)
жм: 8 (0,0000)
жю: 8 (0,0000)
жб: 8 (0,0000)
зэ: 7 (0,0000)
чп: 7 (0,0000)
ця: 7 (0,0000)
зш: 7 (0,0000)
мщ: 7 (0,0000)
рэ: 7 (0,0000)
бз: 7 (0,0000)
фс: 7 (0,0000)
цд: 6 (0,0000)
цр: 6 (0,0000)
шя: 6 (0,0000)
шд: 6 (0,0000)
шз: 6 (0,0000)
зх: 6 (0,0000)
цл: 6 (0,0000)
эг: 6 (0,0000)
чс: 5 (0,0000)
чв: 5 (0,0000)
эб: 5 (0,0000)
йю: 5 (0,0000)
жт: 5 (0,0000)
жз: 4 (0,0000)
чз: 4 (0,0000)
эо: 4 (0,0000)
эи: 4 (0,0000)
гш: 4 (0,0000)
пш: 4 (0,0000)
эз: 4 (0,0000)
ыщ: 4 (0,0000)
фь: 4 (0,0000)
эя: 4 (0,0000)
эд: 4 (0,0000)
зю: 4 (0,0000)
пв: 3 (0,0000)
фп: 3 (0,0000)
фв: 3 (0,0000)
гг: 3 (0,0000)
бп: 3 (0,0000)
гж: 3 (0,0000)
шг: 3 (0,0000)
шч: 3 (0,0000)
гя: 3 (0,0000)
чч: 3 (0,0000)
гю: 3 (0,0000)
гх: 2 (0,0000)
цч: 2 (0,0000)
фк: 2 (0,0000)
хю: 2 (0,0000)
лц: 2 (0,0000)
чг: 2 (0,0000)
вю: 2 (0,0000)
цф: 2 (0,0000)
эу: 2 (0,0000)
цз: 2 (0,0000)
фч: 2 (0,0000)
цб: 2 (0,0000)
дф: 2 (0,0000)
пф: 2 (0,0000)
жч: 2 (0,0000)
чр: 2 (0,0000)
бб: 2 (0,0000)
пю: 2 (0,0000)
эх: 2 (0,0000)
чэ: 1 (0,0000)
мю: 1 (0,0000)
щз: 1 (0,0000)
шф: 1 (0,0000)
пм: 1 (0,0000)
шэ: 1 (0,0000)
фя: 1 (0,0000)
жх: 1 (0,0000)
фд: 1 (0,0000)
хщ: 1 (0,0000)
гф: 1 (0,0000)
щт: 1 (0,0000)
цэ: 1 (0,0000)
фз: 1 (0,0000)
жщ: 1 (0,0000)
зщ: 1 (0,0000)
гц: 1 (0,0000)
щс: 1 (0,0000)
сщ: 1 (0,0000)
пх: 1 (0,0000)
чя: 1 (0,0000)
жя: 1 (0,0000)
бф: 1 (0,0000)
ээ: 1 (0,0000)
эе: 1 (0,0000)
эч: 1 (0,0000)
щк: 1 (0,0000)

Top 10 bigrams without cross:
1 - то: 6284
2 - но: 6012
3 - не: 5322
4 - на: 5196
5 - ст: 5104
6 - по: 5059
7 - ов: 4437
8 - ли: 4238
9 - ро: 4236
10 - ал: 4165

Bigram counts without cross:
то: 6284 (0,0120)
но: 6012 (0,0115)
не: 5322 (0,0102)
на: 5196 (0,0099)
ст: 5104 (0,0097)
по: 5059 (0,0097)
ов: 4437 (0,0085)
ли: 4238 (0,0081)
ро: 4236 (0,0081)
ал: 4165 (0,0080)
ен: 4127 (0,0079)
ко: 4086 (0,0078)
ка: 3989 (0,0076)
ни: 3981 (0,0076)
ер: 3647 (0,0070)
ра: 3616 (0,0069)
он: 3550 (0,0068)
пр: 3545 (0,0068)
ос: 3501 (0,0067)
ол: 3274 (0,0063)
го: 3263 (0,0062)
ре: 3245 (0,0062)
ом: 3208 (0,0061)
от: 3177 (0,0061)
ло: 2976 (0,0057)
во: 2967 (0,0057)
ет: 2903 (0,0055)
ес: 2903 (0,0055)
ел: 2858 (0,0055)
за: 2779 (0,0053)
од: 2760 (0,0053)
ор: 2737 (0,0052)
ва: 2723 (0,0052)
ил: 2676 (0,0051)
та: 2596 (0,0050)
ти: 2539 (0,0048)
ан: 2505 (0,0048)
ть: 2490 (0,0048)
ак: 2488 (0,0048)
ем: 2455 (0,0047)
ин: 2436 (0,0047)
те: 2418 (0,0046)
ве: 2413 (0,0046)
ас: 2356 (0,0045)
ри: 2311 (0,0044)
ог: 2302 (0,0044)
ле: 2268 (0,0043)
ль: 2267 (0,0043)
де: 2266 (0,0043)
ск: 2265 (0,0043)
ой: 2236 (0,0043)
же: 2211 (0,0042)
ме: 2181 (0,0042)
ла: 2109 (0,0040)
да: 2067 (0,0039)
ат: 2044 (0,0039)
мо: 2015 (0,0038)
че: 1998 (0,0038)
ся: 1985 (0,0038)
ки: 1984 (0,0038)
ис: 1964 (0,0038)
ны: 1943 (0,0037)
аз: 1940 (0,0037)
ит: 1913 (0,0037)
тр: 1869 (0,0036)
до: 1839 (0,0035)
ив: 1837 (0,0035)
об: 1836 (0,0035)
ам: 1790 (0,0034)
ав: 1766 (0,0034)
ма: 1732 (0,0033)
нн: 1695 (0,0032)
се: 1658 (0,0032)
ну: 1650 (0,0032)
им: 1607 (0,0031)
ми: 1594 (0,0030)
ар: 1558 (0,0030)
ед: 1556 (0,0030)
ик: 1489 (0,0028)
ви: 1461 (0,0028)
со: 1459 (0,0028)
оп: 1445 (0,0028)
бы: 1436 (0,0027)
сь: 1422 (0,0027)
вс: 1412 (0,0027)
ег: 1366 (0,0026)
ру: 1353 (0,0026)
вы: 1340 (0,0026)
из: 1268 (0,0024)
ок: 1261 (0,0024)
оч: 1259 (0,0024)
чт: 1246 (0,0024)
ди: 1239 (0,0024)
ев: 1221 (0,0023)
сл: 1219 (0,0023)
бо: 1191 (0,0023)
мн: 1176 (0,0022)
сп: 1170 (0,0022)
ож: 1166 (0,0022)
ие: 1164 (0,0022)
тв: 1160 (0,0022)
ое: 1139 (0,0022)
ул: 1136 (0,0022)
пе: 1135 (0,0022)
зн: 1127 (0,0022)
ля: 1127 (0,0022)
ей: 1113 (0,0021)
ад: 1109 (0,0021)
эт: 1090 (0,0021)
еп: 1085 (0,0021)
ча: 1067 (0,0020)
ая: 1055 (0,0020)
му: 1041 (0,0020)
ез: 1031 (0,0020)
ше: 1016 (0,0019)
лс: 1009 (0,0019)
оз: 1005 (0,0019)
рн: 998 (0,0019)
ьн: 996 (0,0019)
ят: 974 (0,0019)
ши: 966 (0,0018)
уд: 955 (0,0018)
ид: 930 (0,0018)
их: 921 (0,0018)
ут: 911 (0,0017)
кр: 908 (0,0017)
мы: 901 (0,0017)
чи: 898 (0,0017)
бе: 893 (0,0017)
ня: 887 (0,0017)
ек: 881 (0,0017)
ыл: 878 (0,0017)
си: 875 (0,0017)
ьк: 872 (0,0017)
ты: 852 (0,0016)
ус: 850 (0,0016)
па: 849 (0,0016)
тн: 846 (0,0016)
ир: 840 (0,0016)
ку: 840 (0,0016)
хо: 835 (0,0016)
га: 831 (0,0016)
ду: 827 (0,0016)
зе: 822 (0,0016)
аж: 818 (0,0016)
ап: 816 (0,0016)
тс: 803 (0,0015)
дн: 800 (0,0015)
ич: 783 (0,0015)
уж: 782 (0,0015)
ый: 774 (0,0015)
ия: 742 (0,0014)
ым: 740 (0,0014)
са: 732 (0,0014)
рт: 732 (0,0014)
сн: 717 (0,0014)
ае: 696 (0,0013)
ых: 694 (0,0013)
лу: 693 (0,0013)
ум: 693 (0,0013)
ач: 691 (0,0013)
вн: 683 (0,0013)
св: 678 (0,0013)
ые: 678 (0,0013)
аш: 675 (0,0013)
ще: 671 (0,0013)
еб: 669 (0,0013)
ои: 659 (0,0013)
жи: 658 (0,0013)
ры: 654 (0,0012)
нт: 645 (0,0012)
ту: 644 (0,0012)
ип: 643 (0,0012)
ян: 643 (0,0012)
ии: 627 (0,0012)
ыв: 624 (0,0012)
еч: 616 (0,0012)
чн: 615 (0,0012)
гл: 609 (0,0012)
яс: 601 (0,0011)
ах: 600 (0,0011)
ее: 596 (0,0011)
еш: 593 (0,0011)
сс: 586 (0,0011)
кт: 582 (0,0011)
гд: 580 (0,0011)
ий: 575 (0,0011)
уг: 574 (0,0011)
жа: 566 (0,0011)
ьс: 561 (0,0011)
вш: 557 (0,0011)
зд: 556 (0,0011)
гр: 555 (0,0011)
аб: 554 (0,0011)
см: 549 (0,0010)
иц: 549 (0,0010)
це: 546 (0,0010)
ша: 539 (0,0010)
лю: 536 (0,0010)
уч: 532 (0,0010)
йс: 531 (0,0010)
аг: 530 (0,0010)
тк: 521 (0,0010)
би: 521 (0,0010)
ыт: 515 (0,0010)
аю: 514 (0,0010)
ял: 514 (0,0010)
жн: 513 (0,0010)
др: 508 (0,0010)
иб: 506 (0,0010)
ио: 500 (0,0010)
дв: 499 (0,0010)
зв: 495 (0,0009)
ош: 487 (0,0009)
ци: 483 (0,0009)
бу: 483 (0,0009)
ря: 479 (0,0009)
ео: 476 (0,0009)
оя: 474 (0,0009)
пл: 471 (0,0009)
оо: 470 (0,0009)
уп: 463 (0,0009)
зо: 463 (0,0009)
вл: 456 (0,0009)
бл: 450 (0,0009)
ую: 444 (0,0008)
бр: 442 (0,0008)
яв: 440 (0,0008)
пу: 437 (0,0008)
ув: 421 (0,0008)
ыс: 419 (0,0008)
пи: 419 (0,0008)
ба: 417 (0,0008)
ун: 417 (0,0008)
ук: 415 (0,0008)
ох: 413 (0,0008)
мс: 412 (0,0008)
ье: 404 (0,0008)
еж: 398 (0,0008)
кл: 398 (0,0008)
ке: 391 (0,0007)
иг: 389 (0,0007)
щи: 377 (0,0007)
вт: 376 (0,0007)
дл: 375 (0,0007)
яд: 371 (0,0007)
уб: 370 (0,0007)
су: 367 (0,0007)
кн: 365 (0,0007)
ги: 363 (0,0007)
нь: 362 (0,0007)
вр: 359 (0,0007)
ур: 359 (0,0007)
ай: 358 (0,0007)
яп: 347 (0,0007)
нс: 347 (0,0007)
ех: 345 (0,0007)
аи: 342 (0,0007)
жд: 342 (0,0007)
ды: 341 (0,0007)
иш: 338 (0,0006)
мп: 336 (0,0006)
ещ: 332 (0,0006)
еи: 331 (0,0006)
шь: 331 (0,0006)
йн: 330 (0,0006)
лн: 321 (0,0006)
вп: 311 (0,0006)
ву: 306 (0,0006)
чу: 306 (0,0006)
яз: 300 (0,0006)
шн: 297 (0,0006)
мя: 295 (0,0006)
лы: 295 (0,0006)
шл: 289 (0,0006)
ца: 288 (0,0005)
хн: 286 (0,0005)
дь: 284 (0,0005)
рв: 283 (0,0005)
нд: 282 (0,0005)
уз: 282 (0,0005)
ют: 277 (0,0005)
фо: 277 (0,0005)
ям: 274 (0,0005)
нк: 266 (0,0005)
гу: 264 (0,0005)
ьв: 263 (0,0005)
лк: 263 (0,0005)
вк: 262 (0,0005)
вз: 260 (0,0005)
тя: 260 (0,0005)
зи: 257 (0,0005)
рк: 252 (0,0005)
ьп: 251 (0,0005)
кв: 245 (0,0005)
уш: 242 (0,0005)
ыш: 242 (0,0005)
йт: 239 (0,0005)
лл: 235 (0,0004)
кс: 232 (0,0004)
гн: 230 (0,0004)
як: 230 (0,0004)
ьш: 229 (0,0004)
лч: 228 (0,0004)
ао: 228 (0,0004)
зы: 227 (0,0004)
нц: 226 (0,0004)
еу: 226 (0,0004)
ын: 224 (0,0004)
йп: 224 (0,0004)
сч: 222 (0,0004)
иж: 222 (0,0004)
рс: 221 (0,0004)
ып: 220 (0,0004)
дс: 220 (0,0004)
рь: 219 (0,0004)
ха: 218 (0,0004)
шк: 217 (0,0004)
вд: 217 (0,0004)
ющ: 211 (0,0004)
юд: 209 (0,0004)
чк: 208 (0,0004)
зу: 207 (0,0004)
яи: 205 (0,0004)
рм: 204 (0,0004)
яо: 203 (0,0004)
иа: 203 (0,0004)
зг: 202 (0,0004)
сы: 200 (0,0004)
ух: 199 (0,0004)
ща: 199 (0,0004)
дж: 197 (0,0004)
ге: 196 (0,0004)
ьи: 195 (0,0004)
йд: 192 (0,0004)
йк: 191 (0,0004)
ьм: 190 (0,0004)
йл: 187 (0,0004)
зр: 186 (0,0004)
зм: 185 (0,0004)
мк: 181 (0,0003)
ыр: 180 (0,0003)
оу: 180 (0,0003)
ья: 179 (0,0003)
мл: 179 (0,0003)
фи: 176 (0,0003)
юб: 174 (0,0003)
ью: 172 (0,0003)
ию: 169 (0,0003)
мм: 168 (0,0003)
эк: 168 (0,0003)
вм: 168 (0,0003)
дк: 168 (0,0003)
ьо: 165 (0,0003)
ац: 165 (0,0003)
ау: 164 (0,0003)
хв: 164 (0,0003)
пы: 164 (0,0003)
ык: 163 (0,0003)
тп: 163 (0,0003)
йч: 162 (0,0003)
хи: 160 (0,0003)
вя: 159 (0,0003)
яр: 158 (0,0003)
ец: 156 (0,0003)
лв: 154 (0,0003)
пя: 154 (0,0003)
ея: 153 (0,0003)
бя: 153 (0,0003)
ыб: 153 (0,0003)
лп: 151 (0,0003)
ьз: 150 (0,0003)
лж: 150 (0,0003)
еа: 149 (0,0003)
хр: 148 (0,0003)
ощ: 148 (0,0003)
ащ: 147 (0,0003)
дп: 146 (0,0003)
рж: 145 (0,0003)
вь: 145 (0,0003)
бн: 144 (0,0003)
яе: 143 (0,0003)
иу: 142 (0,0003)
яч: 141 (0,0003)
ср: 141 (0,0003)
зл: 141 (0,0003)
йи: 137 (0,0003)
йм: 136 (0,0003)
ьт: 136 (0,0003)
лз: 136 (0,0003)
мв: 134 (0,0003)
шу: 134 (0,0003)
лт: 133 (0,0003)
уе: 130 (0,0002)
сд: 130 (0,0002)
ущ: 129 (0,0002)
ыч: 129 (0,0002)
йв: 125 (0,0002)
лм: 125 (0,0002)
хс: 125 (0,0002)
юч: 125 (0,0002)
тл: 124 (0,0002)
юс: 123 (0,0002)
оф: 121 (0,0002)
нп: 120 (0,0002)
ьч: 120 (0,0002)
мб: 115 (0,0002)
бъ: 114 (0,0002)
хп: 113 (0,0002)
вв: 112 (0,0002)
дя: 112 (0,0002)
уи: 111 (0,0002)
йо: 110 (0,0002)
чь: 109 (0,0002)
яш: 108 (0,0002)
тб: 106 (0,0002)
ях: 106 (0,0002)
тт: 104 (0,0002)
ыд: 104 (0,0002)
зь: 103 (0,0002)
шо: 102 (0,0002)
ьд: 101 (0,0002)
фе: 101 (0,0002)
оэ: 101 (0,0002)
фл: 101 (0,0002)
ху: 101 (0,0002)
ыи: 101 (0,0002)
юр: 101 (0,0002)
еф: 101 (0,0002)
ъя: 101 (0,0002)
нч: 101 (0,0002)
пн: 99 (0,0002)
вг: 98 (0,0002)
ню: 98 (0,0002)
яя: 98 (0,0002)
тм: 98 (0,0002)
тд: 97 (0,0002)
юк: 96 (0,0002)
фр: 94 (0,0002)
нг: 94 (0,0002)
юн: 94 (0,0002)
жу: 94 (0,0002)
рх: 94 (0,0002)
хл: 94 (0,0002)
ищ: 94 (0,0002)
кп: 93 (0,0002)
аф: 93 (0,0002)
ыз: 93 (0,0002)
цы: 93 (0,0002)
фа: 93 (0,0002)
цу: 92 (0,0002)
яб: 91 (0,0002)
бщ: 91 (0,0002)
яу: 90 (0,0002)
ящ: 90 (0,0002)
ыг: 88 (0,0002)
хм: 88 (0,0002)
нз: 88 (0,0002)
рд: 87 (0,0002)
тч: 87 (0,0002)
ьб: 87 (0,0002)
зя: 87 (0,0002)
мт: 86 (0,0002)
мч: 86 (0,0002)
кз: 86 (0,0002)
пс: 86 (0,0002)
уо: 84 (0,0002)
зк: 84 (0,0002)
ыо: 83 (0,0002)
яж: 83 (0,0002)
мг: 83 (0,0002)
щу: 82 (0,0002)
цо: 82 (0,0002)
зб: 81 (0,0002)
йг: 80 (0,0002)
дт: 80 (0,0002)
дц: 79 (0,0002)
йз: 78 (0,0001)
рг: 78 (0,0001)
оа: 77 (0,0001)
аа: 77 (0,0001)
лд: 77 (0,0001)
яг: 77 (0,0001)
цв: 76 (0,0001)
мд: 75 (0,0001)
йб: 74 (0,0001)
зс: 74 (0,0001)
оц: 73 (0,0001)
сб: 73 (0,0001)
сш: 73 (0,0001)
еэ: 72 (0,0001)
лг: 72 (0,0001)
ьа: 71 (0,0001)
уа: 71 (0,0001)
яю: 71 (0,0001)
ою: 71 (0,0001)
вч: 70 (0,0001)
мз: 69 (0,0001)
нв: 69 (0,0001)
хт: 69 (0,0001)
иф: 69 (0,0001)
бс: 69 (0,0001)
уя: 69 (0,0001)
йр: 68 (0,0001)
кц: 68 (0,0001)
сю: 68 (0,0001)
яа: 67 (0,0001)
йш: 67 (0,0001)
лб: 66 (0,0001)
бк: 66 (0,0001)
вб: 66 (0,0001)
ъе: 65 (0,0001)
рю: 64 (0,0001)
вэ: 62 (0,0001)
сх: 62 (0,0001)
уу: 62 (0,0001)
иэ: 59 (0,0001)
аэ: 59 (0,0001)
км: 59 (0,0001)
шт: 59 (0,0001)
уй: 59 (0,0001)
кд: 58 (0,0001)
жо: 58 (0,0001)
хк: 57 (0,0001)
ьц: 57 (0,0001)
пп: 56 (0,0001)
рц: 56 (0,0001)
ьу: 55 (0,0001)
ыу: 55 (0,0001)
нб: 55 (0,0001)
гк: 55 (0,0001)
рш: 55 (0,0001)
жк: 54 (0,0001)
кб: 53 (0,0001)
юп: 53 (0,0001)
дм: 53 (0,0001)
ыж: 53 (0,0001)
эл: 53 (0,0001)
ьг: 51 (0,0001)
фу: 51 (0,0001)
сг: 51 (0,0001)
пт: 51 (0,0001)
ьэ: 50 (0,0001)
мр: 50 (0,0001)
зп: 49 (0,0001)
мэ: 49 (0,0001)
ьл: 48 (0,0001)
кк: 48 (0,0001)
рч: 48 (0,0001)
хб: 46 (0,0001)
лэ: 46 (0,0001)
нэ: 46 (0,0001)
зж: 46 (0,0001)
лр: 45 (0,0001)
хз: 45 (0,0001)
ьр: 45 (0,0001)
йа: 44 (0,0001)
чо: 44 (0,0001)
нф: 44 (0,0001)
юо: 43 (0,0001)
хд: 43 (0,0001)
пь: 43 (0,0001)
дч: 43 (0,0001)
йж: 42 (0,0001)
юи: 42 (0,0001)
дх: 42 (0,0001)
фф: 42 (0,0001)
эр: 42 (0,0001)
сз: 41 (0,0001)
дш: 41 (0,0001)
йц: 41 (0,0001)
юм: 41 (0,0001)
зз: 40 (0,0001)
яй: 40 (0,0001)
рп: 40 (0,0001)
яэ: 38 (0,0001)
юв: 38 (0,0001)
нщ: 38 (0,0001)
ею: 38 (0,0001)
йу: 37 (0,0001)
вх: 37 (0,0001)
сэ: 36 (0,0001)
шп: 36 (0,0001)
йф: 36 (0,0001)
щн: 36 (0,0001)
хе: 36 (0,0001)
дд: 35 (0,0001)
нм: 33 (0,0001)
кг: 33 (0,0001)
дб: 33 (0,0001)
тю: 32 (0,0001)
рл: 32 (0,0001)
тз: 31 (0,0001)
хг: 31 (0,0001)
тг: 31 (0,0001)
эн: 31 (0,0001)
нр: 31 (0,0001)
яц: 31 (0,0001)
жс: 30 (0,0001)
сж: 30 (0,0001)
пк: 30 (0,0001)
ыя: 29 (0,0001)
вц: 29 (0,0001)
чш: 29 (0,0001)
юц: 29 (0,0001)
йэ: 28 (0,0001)
зт: 28 (0,0001)
рб: 28 (0,0001)
мж: 27 (0,0001)
уф: 27 (0,0001)
кч: 27 (0,0001)
рщ: 27 (0,0001)
тж: 26 (0,0000)
дг: 26 (0,0000)
кя: 25 (0,0000)
хш: 25 (0,0000)
рр: 25 (0,0000)
йя: 24 (0,0000)
кж: 24 (0,0000)
тэ: 24 (0,0000)
гс: 24 (0,0000)
юз: 24 (0,0000)
сц: 24 (0,0000)
ьж: 23 (0,0000)
тц: 23 (0,0000)
гч: 23 (0,0000)
лш: 23 (0,0000)
уэ: 23 (0,0000)
ыа: 22 (0,0000)
хч: 22 (0,0000)
тш: 22 (0,0000)
бх: 22 (0,0000)
съ: 22 (0,0000)
рз: 22 (0,0000)
мф: 21 (0,0000)
хэ: 21 (0,0000)
шр: 21 (0,0000)
мь: 21 (0,0000)
нл: 21 (0,0000)
эв: 21 (0,0000)
юа: 20 (0,0000)
яф: 19 (0,0000)
хя: 19 (0,0000)
юж: 19 (0,0000)
щь: 19 (0,0000)
дъ: 19 (0,0000)
сф: 19 (0,0000)
гп: 18 (0,0000)
гв: 18 (0,0000)
лф: 18 (0,0000)
мц: 18 (0,0000)
кш: 18 (0,0000)
нш: 18 (0,0000)
мш: 17 (0,0000)
ьх: 17 (0,0000)
бю: 17 (0,0000)
ьщ: 17 (0,0000)
шв: 17 (0,0000)
фт: 17 (0,0000)
дз: 16 (0,0000)
нж: 16 (0,0000)
фш: 16 (0,0000)
юг: 16 (0,0000)
эс: 16 (0,0000)
ьф: 15 (0,0000)
юе: 15 (0,0000)
кэ: 15 (0,0000)
эй: 15 (0,0000)
ыэ: 14 (0,0000)
мх: 14 (0,0000)
тф: 14 (0,0000)
хж: 13 (0,0000)
юл: 13 (0,0000)
пч: 13 (0,0000)
йе: 13 (0,0000)
бм: 13 (0,0000)
юя: 13 (0,0000)
юх: 13 (0,0000)
рф: 13 (0,0000)
бэ: 12 (0,0000)
тх: 12 (0,0000)
бь: 12 (0,0000)
тъ: 12 (0,0000)
бг: 12 (0,0000)
зч: 12 (0,0000)
эф: 12 (0,0000)
юю: 12 (0,0000)
юу: 11 (0,0000)
юш: 11 (0,0000)
тщ: 11 (0,0000)
дю: 10 (0,0000)
бч: 10 (0,0000)
йх: 10 (0,0000)
дэ: 10 (0,0000)
лх: 9 (0,0000)
хф: 9 (0,0000)
кф: 9 (0,0000)
шм: 9 (0,0000)
уц: 9 (0,0000)
чл: 9 (0,0000)
зъ: 9 (0,0000)
эп: 9 (0,0000)
фм: 9 (0,0000)
гз: 9 (0,0000)
вж: 8 (0,0000)
цн: 8 (0,0000)
юэ: 8 (0,0000)
эм: 8 (0,0000)
щр: 8 (0,0000)
бт: 8 (0,0000)
фы: 8 (0,0000)
вф: 7 (0,0000)
жв: 7 (0,0000)
шс: 7 (0,0000)
гм: 7 (0,0000)
гб: 7 (0,0000)
хх: 7 (0,0000)
бж: 7 (0,0000)
гт: 7 (0,0000)
цп: 6 (0,0000)
шя: 6 (0,0000)
зш: 6 (0,0000)
ыц: 6 (0,0000)
фн: 6 (0,0000)
вщ: 6 (0,0000)
жж: 6 (0,0000)
въ: 6 (0,0000)
жг: 6 (0,0000)
цк: 6 (0,0000)
жб: 6 (0,0000)
цм: 5 (0,0000)
хц: 5 (0,0000)
зф: 5 (0,0000)
жт: 5 (0,0000)
кх: 5 (0,0000)
бц: 5 (0,0000)
жь: 5 (0,0000)
бз: 5 (0,0000)
эш: 5 (0,0000)
йщ: 5 (0,0000)
лщ: 5 (0,0000)
ця: 4 (0,0000)
зэ: 4 (0,0000)
цс: 4 (0,0000)
бв: 4 (0,0000)
зх: 4 (0,0000)
ыф: 4 (0,0000)
юй: 4 (0,0000)
жр: 4 (0,0000)
ыщ: 4 (0,0000)
ъю: 4 (0,0000)
жл: 4 (0,0000)
рэ: 4 (0,0000)
чм: 4 (0,0000)
нх: 4 (0,0000)
що: 4 (0,0000)
бд: 4 (0,0000)
жм: 4 (0,0000)
эг: 4 (0,0000)
жю: 4 (0,0000)
мщ: 3 (0,0000)
фв: 3 (0,0000)
цд: 3 (0,0000)
чв: 3 (0,0000)
цр: 3 (0,0000)
гэ: 3 (0,0000)
кю: 3 (0,0000)
чп: 3 (0,0000)
юф: 3 (0,0000)
жп: 3 (0,0000)
цл: 3 (0,0000)
бш: 3 (0,0000)
чч: 3 (0,0000)
фс: 3 (0,0000)
эд: 3 (0,0000)
зц: 3 (0,0000)
жз: 2 (0,0000)
цч: 2 (0,0000)
гш: 2 (0,0000)
чс: 2 (0,0000)
цт: 2 (0,0000)
йю: 2 (0,0000)
гг: 2 (0,0000)
бп: 2 (0,0000)
гж: 2 (0,0000)
эи: 2 (0,0000)
шз: 2 (0,0000)
чр: 2 (0,0000)
пю: 2 (0,0000)
эх: 2 (0,0000)
зю: 2 (0,0000)
фч: 1 (0,0000)
гх: 1 (0,0000)
щз: 1 (0,0000)
чг: 1 (0,0000)
пм: 1 (0,0000)
шэ: 1 (0,0000)
фя: 1 (0,0000)
пв: 1 (0,0000)
жх: 1 (0,0000)
фп: 1 (0,0000)
шд: 1 (0,0000)
хщ: 1 (0,0000)
гф: 1 (0,0000)
цэ: 1 (0,0000)
чз: 1 (0,0000)
фз: 1 (0,0000)
гю: 1 (0,0000)
цз: 1 (0,0000)
лц: 1 (0,0000)
зщ: 1 (0,0000)
щс: 1 (0,0000)
пх: 1 (0,0000)
чя: 1 (0,0000)
жя: 1 (0,0000)
вю: 1 (0,0000)
эу: 1 (0,0000)
ээ: 1 (0,0000)
эя: 1 (0,0000)
эо: 1 (0,0000)
шг: 1 (0,0000)
шч: 1 (0,0000)
цб: 1 (0,0000)
дф: 1 (0,0000)
пф: 1 (0,0000)
пш: 1 (0,0000)
бб: 1 (0,0000)
